<?xml version="1.0"?>
<model>
	<skeleton>
		<num_bones>57</num_bones>
		<bones_array>
			<bone index="0">
				<name>Bip001</name>
				<offset_matrix>-0.0821229 0.996618 0.00274822 0 -0.447246 -0.0393177 0.893547 0 0.890633 0.0721515 0.448962 0 0.492854 0.0433272 -0.984667 1 </offset_matrix>
				<local_matrix>-0.0821229 -0.447246 0.890633 0 0.996618 -0.0393177 0.0721515 0 0.00274822 0.893547 0.448962 0 0 1.10198 0 1 </local_matrix>
				<parent>-1</parent>
			</bone>
			<bone index="1">
				<name>Bip001 Pelvis</name>
				<offset_matrix>0.00274822 -0.0821215 0.996619 0 0.893547 -0.447246 -0.0393171 0 0.448962 0.890633 0.0721503 0 -0.984667 0.492854 0.0433265 1 </offset_matrix>
				<local_matrix>5.55112e-17 0 1 0 1 1.38022e-06 -5.55112e-17 0 -1.38022e-06 1 6.93889e-18 0 0 0 0 1 </local_matrix>
				<parent>0</parent>
			</bone>
			<bone index="2">
				<name>Bip001 Spine</name>
				<offset_matrix>-0.0447977 -0.395474 0.917384 0 0.682708 -0.682528 -0.260892 0 0.729317 0.614618 0.300569 0 -0.903818 0.771503 0.291023 1 </offset_matrix>
				<local_matrix>0.937344 0.347894 -0.018868 0 -0.335017 0.885134 -0.322957 0 -0.0956541 0.309043 0.946226 0 0.148826 0.0344654 6.17728e-05 1 </local_matrix>
				<parent>1</parent>
			</bone>
			<bone index="3">
				<name>Bip001 Spine1</name>
				<offset_matrix>-0.172114 -0.622938 0.763102 0 0.455771 -0.737118 -0.498929 0 0.873298 0.261927 0.410786 0 -0.870534 0.94033 0.588239 1 </offset_matrix>
				<local_matrix>0.95578 0.293734 -0.0143156 0 -0.284302 0.910445 -0.300438 0 -0.0752154 0.291222 0.953694 0 0.239803 -0.000218272 7.19726e-05 1 </local_matrix>
				<parent>2</parent>
			</bone>
			<bone index="4">
				<name>Bip001 Neck</name>
				<offset_matrix>-0.421043 -0.490304 0.763103 0 0.0984106 -0.861037 -0.49893 0 0.901687 -0.134973 0.410784 0 -0.690952 1.41571 0.58824 1 </offset_matrix>
				<local_matrix>0.904761 0.42592 1.18837e-06 0 -0.42592 0.904761 -2.38419e-07 0 -1.17674e-06 -2.90437e-07 1 0 0.35759 -0.0462568 -1.19209e-07 1 </local_matrix>
				<parent>3</parent>
			</bone>
			<bone index="5">
				<name>Bip001 L Clavicle</name>
				<offset_matrix>0.56163 0.812942 -0.153939 0 -0.700489 0.566204 0.43443 0 0.440327 -0.136156 0.887453 0 0.733509 -0.869844 -1.02121 1 </offset_matrix>
				<local_matrix>0.0916315 0.268345 0.958955 0 -0.409333 -0.867733 0.281932 0 0.907772 -0.418366 0.0303309 0 -0.187198 0.036844 0.161049 1 </local_matrix>
				<parent>4</parent>
			</bone>
			<bone index="6">
				<name>Bip001 L UpperArm</name>
				<offset_matrix>0.303327 0.848305 0.434018 0 -0.879466 0.0739056 0.470189 0 0.366788 -0.524325 0.768472 0 0.939923 -0.00559453 -1.13165 1 </offset_matrix>
				<local_matrix>0.947919 -0.30131 -0.103253 0 0.193788 0.802858 -0.563795 0 0.252774 0.514423 0.819435 0 0.129673 -1.19209e-07 0 1 </local_matrix>
				<parent>5</parent>
			</bone>
			<bone index="7">
				<name>Bip001 L Forearm</name>
				<offset_matrix>-0.794996 0.423804 0.434018 0 -0.201381 -0.859283 0.470189 0 0.572213 0.286396 0.768472 0 0.101637 0.651073 -1.13165 1 </offset_matrix>
				<local_matrix>0.145845 -0.989307 0 0 0.989307 0.145845 8.32667e-17 0 5.55112e-17 0 1 0 0.280988 -2.98023e-08 -2.22045e-16 1 </local_matrix>
				<parent>6</parent>
			</bone>
			<bone index="8">
				<name>Bip001 L Hand</name>
				<offset_matrix>-0.877846 -0.236423 0.416523 0 -0.198401 -0.612034 -0.76554 0 0.435917 -0.754665 0.490365 0 -0.0522397 1.25405 0.394182 1 </offset_matrix>
				<local_matrix>0.987275 -0.0767072 -0.139297 0 -0.120622 0.209581 -0.970323 0 0.103625 0.974778 0.197661 0 0.263631 1.11022e-16 0 1 </local_matrix>
				<parent>7</parent>
			</bone>
			<bone index="9">
				<name>Bip001 L Finger0</name>
				<offset_matrix>-0.89506 -0.441246 -0.0645816 0 0.181851 -0.493376 0.850594 0 -0.407184 0.749589 0.521841 0 0.112076 -0.0311969 -1.29365 1 </offset_matrix>
				<local_matrix>0.572146 0.407601 -0.711695 0 0.81199 -0.159405 0.561482 0 0.115413 -0.89914 -0.422171 0 0.0582725 0.0402288 -0.0546785 1 </local_matrix>
				<parent>8</parent>
			</bone>
			<bone index="10">
				<name>Bip001 L Finger01</name>
				<offset_matrix>-0.982617 -0.174049 -0.0645815 0 0.0370026 -0.524519 0.850594 0 -0.181919 0.833419 0.521841 0 0.0147048 -0.0367582 -1.29365 1 </offset_matrix>
				<local_matrix>0.960304 0.278955 -2.77556e-17 0 -0.278955 0.960304 2.98023e-08 0 8.3135e-09 -2.86193e-08 1 0 0.0877007 1.19209e-07 0 1 </local_matrix>
				<parent>9</parent>
			</bone>
			<bone index="11">
				<name>Bip001 L Finger0Nub</name>
				<offset_matrix>-0.982617 -0.174049 -0.0645815 0 0.0370026 -0.524519 0.850594 0 -0.181919 0.833419 0.521841 0 -0.0341591 -0.0367581 -1.29365 1 </offset_matrix>
				<local_matrix>1 -1.86265e-09 3.72529e-09 0 1.86265e-09 1 -5.55112e-17 0 -3.72529e-09 5.55112e-17 1 0 0.0488639 -5.96046e-08 2.22045e-16 1 </local_matrix>
				<parent>10</parent>
			</bone>
			<bone index="12">
				<name>Bip001 L Finger1</name>
				<offset_matrix>-0.996442 -0.0152436 0.0828959 0 -0.0582359 -0.58648 -0.807868 0 0.0609316 -0.80982 0.583505 0 -0.0771613 1.28287 0.393177 1 </offset_matrix>
				<local_matrix>0.912837 0.225241 -0.34058 0 -0.223275 0.973692 0.0455171 0 0.341872 0.0344931 0.939113 0 0.170211 0.00875592 -0.0597273 1 </local_matrix>
				<parent>8</parent>
			</bone>
			<bone index="13">
				<name>Bip001 L Finger11</name>
				<offset_matrix>-0.830895 0.55022 0.0828959 0 -0.379307 -0.451084 -0.807868 0 -0.407112 -0.702696 0.583505 0 0.596306 1.14644 0.393177 1 </offset_matrix>
				<local_matrix>0.825222 0.564809 0 0 -0.564809 0.825222 -2.98023e-08 0 -1.68326e-08 2.45935e-08 1 0 0.0782733 0 5.55112e-17 1 </local_matrix>
				<parent>12</parent>
			</bone>
			<bone index="14">
				<name>Bip001 L Finger1Nub</name>
				<offset_matrix>-0.830895 0.55022 0.082896 0 -0.379307 -0.451084 -0.807868 0 -0.407112 -0.702696 0.583505 0 0.541507 1.14644 0.393177 1 </offset_matrix>
				<local_matrix>1 1.49012e-08 -2.98023e-08 0 -1.49012e-08 1 -5.96046e-08 0 2.98023e-08 5.96046e-08 1 0 0.0547985 0 5.96046e-08 1 </local_matrix>
				<parent>13</parent>
			</bone>
			<bone index="15">
				<name>Bip001 L Finger2</name>
				<offset_matrix>-0.903919 0.246614 0.349446 0 -0.426306 -0.453489 -0.782695 0 -0.0345536 -0.856463 0.515051 0 0.404135 1.2188 0.411585 1 </offset_matrix>
				<local_matrix>0.863018 0.500697 -0.0670922 0 -0.499863 0.865588 0.0299056 0 0.0730479 0.00772783 0.997298 0 0.178152 -0.00645423 -0.025625 1 </local_matrix>
				<parent>8</parent>
			</bone>
			<bone index="16">
				<name>Bip001 L Finger21</name>
				<offset_matrix>-0.474407 0.807977 0.349446 0 -0.621837 -0.0266032 -0.782695 0 -0.623102 -0.588614 0.515051 0 1.08417 0.64481 0.411584 1 </offset_matrix>
				<local_matrix>0.715448 0.698665 8.9407e-08 0 -0.698665 0.715448 3.72529e-09 0 -6.13633e-08 -6.51308e-08 1 0 0.0789755 0 -2.98023e-08 1 </local_matrix>
				<parent>15</parent>
			</bone>
			<bone index="17">
				<name>Bip001 L Finger2Nub</name>
				<offset_matrix>-0.474407 0.807977 0.349446 0 -0.621837 -0.0266032 -0.782695 0 -0.623102 -0.588614 0.515051 0 1.02813 0.64481 0.411584 1 </offset_matrix>
				<local_matrix>1 -3.72529e-08 -2.98023e-08 0 3.72529e-08 1 1.86265e-09 0 2.98023e-08 -1.86265e-09 1 0 0.056043 5.96046e-08 8.9407e-08 1 </local_matrix>
				<parent>16</parent>
			</bone>
			<bone index="18">
				<name>Bip001 L Finger3</name>
				<offset_matrix>-0.728776 0.314679 0.608164 0 -0.647951 -0.0296671 -0.761104 0 -0.221461 -0.948735 0.225517 0 0.810144 0.86713 0.621809 1 </offset_matrix>
				<local_matrix>0.671769 0.735996 0.0838847 0 -0.683923 0.659737 -0.311444 0 -0.284563 0.151847 0.946555 0 0.173525 -0.00870609 0.00770968 1 </local_matrix>
				<parent>8</parent>
			</bone>
			<bone index="19">
				<name>Bip001 L Finger31</name>
				<offset_matrix>-0.27997 0.742801 0.608164 0 -0.471494 0.445437 -0.761104 0 -0.836247 -0.499832 0.225517 0 1.13073 0.0774909 0.621809 1 </offset_matrix>
				<local_matrix>0.694737 0.719264 -2.98023e-08 0 -0.719264 0.694737 2.77556e-17 0 2.07048e-08 2.14357e-08 1 0 0.08032 -5.96046e-08 1.19209e-07 1 </local_matrix>
				<parent>18</parent>
			</bone>
			<bone index="20">
				<name>Bip001 L Finger3Nub</name>
				<offset_matrix>-0.27997 0.742801 0.608164 0 -0.471494 0.445437 -0.761104 0 -0.836247 -0.499832 0.225517 0 1.0767 0.0774908 0.621809 1 </offset_matrix>
				<local_matrix>1 0 2.98023e-08 0 8.88178e-16 1 -2.98023e-08 0 -2.98023e-08 2.98023e-08 1 0 0.0540299 2.98023e-08 0 1 </local_matrix>
				<parent>19</parent>
			</bone>
			<bone index="21">
				<name>Bip001 L Finger4</name>
				<offset_matrix>-0.634012 0.306822 0.709851 0 -0.665255 0.25162 -0.702939 0 -0.39429 -0.917904 0.0445842 0 0.975766 0.558381 0.69017 1 </offset_matrix>
				<local_matrix>0.516675 0.85461 0.051853 0 -0.719394 0.46617 -0.514935 0 -0.464241 0.228751 0.85566 0 0.165708 0.00197661 0.0405648 1 </local_matrix>
				<parent>8</parent>
			</bone>
			<bone index="22">
				<name>Bip001 L Finger41</name>
				<offset_matrix>-0.0285737 0.703772 0.709851 0 -0.0919851 0.705277 -0.702939 0 -0.99535 -0.0853815 0.0445842 0 0.922687 -0.54089 0.69017 1 </offset_matrix>
				<local_matrix>0.471766 0.881724 -7.45058e-09 0 -0.881724 0.471766 -8.67362e-18 0 3.51493e-09 6.56935e-09 1 0 0.0635579 -5.96046e-08 1.19209e-07 1 </local_matrix>
				<parent>21</parent>
			</bone>
			<bone index="23">
				<name>Bip001 L Finger4Nub</name>
				<offset_matrix>-0.0285737 0.703772 0.709851 0 -0.0919851 0.705277 -0.702939 0 -0.99535 -0.0853815 0.0445842 0 0.874288 -0.54089 0.69017 1 </offset_matrix>
				<local_matrix>1 7.45058e-09 0 0 -7.45058e-09 1 -2.98023e-08 0 -2.22045e-16 2.98023e-08 1 0 0.0483984 -1.11022e-16 -5.96046e-08 1 </local_matrix>
				<parent>22</parent>
			</bone>
			<bone index="24">
				<name>Bip001 R Clavicle</name>
				<offset_matrix>-0.434783 0.879787 0.192195 0 0.733463 0.469788 -0.491255 0 -0.522491 -0.0726212 -0.849547 0 -1.0545 -0.637661 1.09448 1 </offset_matrix>
				<local_matrix>-0.21588 -0.347841 -0.912361 0 -0.389677 -0.826066 0.407145 0 -0.895292 0.443421 0.0427857 0 -0.187198 0.036845 -0.161049 1 </local_matrix>
				<parent>4</parent>
			</bone>
			<bone index="25">
				<name>Bip001 R UpperArm</name>
				<offset_matrix>0.299405 0.868871 0.394234 0 0.0299204 0.404435 -0.914077 0 -0.953657 0.285475 0.0950927 0 0.250644 -0.622794 1.59877 1 </offset_matrix>
				<local_matrix>0.390046 0.346724 0.853022 0 -0.23029 0.933689 -0.274212 0 -0.891533 -0.0894872 0.444029 0 0.129673 -5.96046e-08 0 1 </local_matrix>
				<parent>24</parent>
			</bone>
			<bone index="26">
				<name>Bip001 R Forearm</name>
				<offset_matrix>-0.260784 0.881233 0.394234 0 -0.210489 0.346637 -0.914077 0 -0.942171 -0.321358 0.0950927 0 0.336941 -0.524656 1.59877 1 </offset_matrix>
				<local_matrix>0.81413 -0.580682 1.38778e-17 0 0.580682 0.81413 4.85723e-17 0 0 1.38778e-17 1 0 0.280988 1.11022e-16 1.19209e-07 1 </local_matrix>
				<parent>25</parent>
			</bone>
			<bone index="27">
				<name>Bip001 R Hand</name>
				<offset_matrix>-0.0199645 -0.080933 -0.99652 0 -0.490003 -0.868013 0.0803133 0 -0.871492 0.489901 -0.0223279 0 0.590559 1.55097 -0.28714 1 </offset_matrix>
				<local_matrix>0.929441 0.0926145 0.357157 0 -0.257757 -0.52964 0.808111 0 0.264008 -0.843151 -0.468397 0 0.263631 1.11022e-16 -2.22045e-16 1 </local_matrix>
				<parent>26</parent>
			</bone>
			<bone index="28">
				<name>Bip001 R Finger0</name>
				<offset_matrix>-0.407229 0.863597 0.297263 0 -0.81536 -0.197103 -0.54437 0 -0.411525 -0.46406 0.784408 0 1.10285 0.362959 1.1552 1 </offset_matrix>
				<local_matrix>0.7663 0.539095 0.349517 0 0.483764 -0.126149 -0.866059 0 -0.422797 0.832745 -0.357463 0 0.0582725 0.040229 0.0546786 1 </local_matrix>
				<parent>27</parent>
			</bone>
			<bone index="29">
				<name>Bip001 R Finger01</name>
				<offset_matrix>0.652615 0.696942 0.297263 0 -0.483834 0.685248 -0.54437 0 -0.583093 0.211439 0.784408 0 0.711666 -0.809813 1.15519 1 </offset_matrix>
				<local_matrix>0.368692 0.929552 -5.55112e-17 0 -0.929552 0.368692 2.98023e-08 0 2.77028e-08 -1.09879e-08 1 0 0.0877006 -1.11022e-16 1.19209e-07 1 </local_matrix>
				<parent>28</parent>
			</bone>
			<bone index="30">
				<name>Bip001 R Finger0Nub</name>
				<offset_matrix>0.652615 0.696942 -0.297263 0 -0.483834 0.685248 0.54437 0 -0.583093 0.211438 -0.784408 0 0.662802 -0.809813 -1.1552 1 </offset_matrix>
				<local_matrix>1 2.77556e-17 -2.98023e-08 0 -9.85323e-16 1 -2.98023e-08 0 -2.98023e-08 -2.98023e-08 -1 0 0.0488639 1.19209e-07 -1.19209e-07 1 </local_matrix>
				<parent>29</parent>
			</bone>
			<bone index="31">
				<name>Bip001 R Finger1</name>
				<offset_matrix>-0.0499983 0.164109 -0.985174 0 -0.816423 0.561461 0.134962 0 0.575285 0.811067 0.105911 0 1.50155 -0.526076 -0.379488 1 </offset_matrix>
				<local_matrix>-0.100309 0.994546 -0.0285902 0 -0.985233 -0.103295 -0.136555 0 -0.138763 0.0144703 0.99022 0 0.170211 0.00875592 0.0597274 1 </local_matrix>
				<parent>27</parent>
			</bone>
			<bone index="32">
				<name>Bip001 R Finger11</name>
				<offset_matrix>0.160603 0.0603199 -0.985174 0 0.508477 0.850433 0.134962 0 0.845966 -0.522614 0.105911 0 -0.434622 -1.45381 -0.379488 1 </offset_matrix>
				<local_matrix>0.0635097 0.997981 1.49012e-08 0 -0.997981 0.0635097 -7.45058e-09 0 -8.38191e-09 -1.43979e-08 1 0 0.0782734 -5.96046e-08 -2.98023e-08 1 </local_matrix>
				<parent>31</parent>
			</bone>
			<bone index="33">
				<name>Bip001 R Finger1Nub</name>
				<offset_matrix>0.160603 0.0603199 0.985174 0 0.508477 0.850433 -0.134962 0 0.845966 -0.522613 -0.105911 0 -0.48942 -1.45381 0.379488 1 </offset_matrix>
				<local_matrix>1 -2.98023e-08 -4.16334e-17 0 2.98023e-08 1 7.45058e-09 0 2.22045e-16 7.45058e-09 -1 0 0.0547984 1.19209e-07 -2.98023e-08 1 </local_matrix>
				<parent>32</parent>
			</bone>
			<bone index="34">
				<name>Bip001 R Finger2</name>
				<offset_matrix>-0.0897237 0.102455 -0.990683 0 -0.802884 0.581151 0.132817 0 0.589344 0.807321 0.0301163 0 1.49384 -0.568048 -0.373105 1 </offset_matrix>
				<local_matrix>-0.118402 0.992896 0.0117705 0 -0.990385 -0.117231 -0.0734499 0 -0.0715482 -0.0203539 0.997229 0 0.178152 -0.00645411 0.025625 1 </local_matrix>
				<parent>27</parent>
			</bone>
			<bone index="35">
				<name>Bip001 R Finger21</name>
				<offset_matrix>0.0965495 0.0960495 -0.990683 0 0.528986 0.838172 0.132817 0 0.84312 -0.536881 0.0301163 0 -0.477042 -1.44809 -0.373105 1 </offset_matrix>
				<local_matrix>0.0635102 0.997981 0 0 -0.997981 0.0635103 -2.42861e-17 0 2.77556e-17 1.38778e-17 1 0 0.0789754 0 2.98023e-08 1 </local_matrix>
				<parent>34</parent>
			</bone>
			<bone index="36">
				<name>Bip001 R Finger2Nub</name>
				<offset_matrix>0.0965495 0.0960495 0.990683 0 0.528986 0.838172 -0.132817 0 0.84312 -0.536881 -0.0301162 0 -0.533085 -1.44809 0.373105 1 </offset_matrix>
				<local_matrix>1 -2.98023e-08 -7.45058e-09 0 2.98023e-08 1 -1.49012e-08 0 -7.45058e-09 -1.49012e-08 -1 0 0.0560429 1.19209e-07 -2.98023e-08 1 </local_matrix>
				<parent>35</parent>
			</bone>
			<bone index="37">
				<name>Bip001 R Finger3</name>
				<offset_matrix>-0.106828 -0.10423 -0.988799 0 -0.756733 0.653598 0.0128599 0 0.644937 0.749631 -0.148697 0 1.44314 -0.743068 -0.22312 1 </offset_matrix>
				<local_matrix>-0.189123 0.981455 0.031281 0 -0.971481 -0.191651 0.139623 0 0.143028 -0.00398307 0.989711 0 0.173525 -0.00870597 -0.00770968 1 </local_matrix>
				<parent>27</parent>
			</bone>
			<bone index="38">
				<name>Bip001 R Finger31</name>
				<offset_matrix>-0.110805 0.0999931 -0.988799 0 0.604218 0.796715 0.0128599 0 0.789077 -0.596026 -0.148697 0 -0.655016 -1.40726 -0.22312 1 </offset_matrix>
				<local_matrix>0.0635099 0.997981 1.38778e-17 0 -0.997981 0.0635099 3.72529e-09 0 3.71777e-09 -2.36593e-10 1 0 0.08032 5.96046e-08 -1.49012e-08 1 </local_matrix>
				<parent>37</parent>
			</bone>
			<bone index="39">
				<name>Bip001 R Finger3Nub</name>
				<offset_matrix>-0.110805 0.0999931 0.988799 0 0.604218 0.796715 -0.0128599 0 0.789077 -0.596026 0.148697 0 -0.709046 -1.40726 0.22312 1 </offset_matrix>
				<local_matrix>1 -2.98023e-08 3.25963e-09 0 2.98023e-08 1 -2.79397e-09 0 3.25963e-09 -2.79397e-09 -1 0 0.0540298 0 0 1 </local_matrix>
				<parent>38</parent>
			</bone>
			<bone index="40">
				<name>Bip001 R Finger4</name>
				<offset_matrix>-0.130873 -0.194942 -0.972044 0 -0.782631 0.622183 -0.0194065 0 0.608572 0.758212 -0.233995 0 1.45591 -0.701392 -0.170444 1 </offset_matrix>
				<local_matrix>-0.144261 0.988067 0.0539741 0 -0.961756 -0.152837 0.227304 0 0.23284 -0.0191187 0.972327 0 0.165708 0.00197685 -0.0405648 1 </local_matrix>
				<parent>27</parent>
			</bone>
			<bone index="41">
				<name>Bip001 R Finger41</name>
				<offset_matrix>-0.20286 0.118228 -0.972044 0 0.571222 0.820566 -0.0194066 0 0.795332 -0.55919 -0.233995 0 -0.611549 -1.43408 -0.170444 1 </offset_matrix>
				<local_matrix>0.0635099 0.997981 1.02445e-08 0 -0.997981 0.0635099 2.04891e-08 0 1.97971e-08 -1.15251e-08 1 0 0.0635579 1.11022e-16 0 1 </local_matrix>
				<parent>40</parent>
			</bone>
			<bone index="42">
				<name>Bip001 R Finger4Nub</name>
				<offset_matrix>-0.20286 0.118228 0.972044 0 0.571222 0.820566 0.0194066 0 0.795332 -0.55919 0.233995 0 -0.659947 -1.43408 0.170444 1 </offset_matrix>
				<local_matrix>1 -2.98023e-08 3.72529e-09 0 2.98023e-08 1 -1.86265e-09 0 3.72529e-09 -1.86265e-09 -1 0 0.0483985 2.22045e-16 1.49012e-08 1 </local_matrix>
				<parent>41</parent>
			</bone>
			<bone index="43">
				<name>Bip001 Head</name>
				<offset_matrix>0.0397285 -0.195395 0.97992 0 0.892893 -0.433259 -0.122592 0 0.448513 0.879834 0.157254 0 -1.69634 0.119236 0.166463 1 </offset_matrix>
				<local_matrix>0.475561 -0.84883 -0.230931 0 0.832966 0.350101 0.428481 0 -0.282858 -0.396127 0.873541 0 0.0635261 1.19209e-07 1.19209e-07 1 </local_matrix>
				<parent>4</parent>
			</bone>
			<bone index="44">
				<name>Bip001 HeadNub</name>
				<offset_matrix>0.0397285 -0.195395 0.97992 0 0.892893 -0.433259 -0.122592 0 0.448513 0.879834 0.157254 0 -1.92015 0.119236 0.166463 1 </offset_matrix>
				<local_matrix>1 5.55112e-17 2.77556e-17 0 1.11022e-16 1 3.72529e-09 0 2.77556e-17 -3.72529e-09 1 0 0.223816 1.11022e-16 1.49012e-08 1 </local_matrix>
				<parent>43</parent>
			</bone>
			<bone index="45">
				<name>Bip001 L Thigh</name>
				<offset_matrix>-0.136878 -0.219665 -0.965925 0 -0.491772 -0.831387 0.258757 0 -0.859898 0.510433 0.00577377 0 0.564924 0.935356 -0.160268 1 </offset_matrix>
				<local_matrix>-0.956743 -0.138728 -0.255729 0 -0.185487 0.968039 0.168806 0 0.224137 0.208938 -0.951897 0 -0.153913 -0.0221008 0.125039 1 </local_matrix>
				<parent>2</parent>
			</bone>
			<bone index="46">
				<name>Bip001 L Calf</name>
				<offset_matrix>-0.068483 -0.249597 -0.965925 0 -0.234003 -0.93717 0.258757 0 -0.969821 0.24375 0.00577377 0 -0.133793 0.936111 -0.160268 1 </offset_matrix>
				<local_matrix>0.958397 -0.285438 -3.81639e-17 0 0.285438 0.958397 -2.86229e-17 0 6.59195e-17 -5.0307e-17 1 0 0.425949 5.96046e-08 -2.77556e-17 1 </local_matrix>
				<parent>45</parent>
			</bone>
			<bone index="47">
				<name>Bip001 L Foot</name>
				<offset_matrix>0.210851 -0.512357 -0.832485 0 0.176304 -0.817733 0.547932 0 -0.961488 -0.262302 -0.0820893 0 -1.01593 0.392728 -0.462372 1 </offset_matrix>
				<local_matrix>0.876776 -0.452217 -0.163598 0 0.480826 0.830301 0.28179 0 0.00840509 -0.325729 0.945426 0 0.572001 -5.96046e-08 -2.77556e-17 1 </local_matrix>
				<parent>46</parent>
			</bone>
			<bone index="48">
				<name>Bip001 L Toe0</name>
				<offset_matrix>-0.552349 0.0433331 -0.832485 0 -0.809187 0.212101 0.547932 0 0.200314 0.976286 -0.0820892 0 0.77879 0.910675 -0.462372 1 </offset_matrix>
				<local_matrix>-0.451726 0.892157 -5.96046e-08 0 -0.892157 -0.451726 -3.72529e-08 0 -6.01604e-08 3.63486e-08 1 0 0.148335 0.109301 -2.98023e-08 1 </local_matrix>
				<parent>47</parent>
			</bone>
			<bone index="49">
				<name>Bip001 L Toe0Nub</name>
				<offset_matrix>-0.55235 0.0433331 0.832485 0 -0.809187 0.212101 -0.547932 0 0.200314 0.976287 0.0820892 0 0.664619 0.910675 0.462372 1 </offset_matrix>
				<local_matrix>1 8.32667e-17 2.98023e-08 0 1.11022e-16 1 -7.45058e-09 0 2.98023e-08 -7.45058e-09 -1 0 0.11417 5.96046e-08 0 1 </local_matrix>
				<parent>48</parent>
			</bone>
			<bone index="50">
				<name>Bip001 R Thigh</name>
				<offset_matrix>-0.0400797 -0.482054 -0.875224 0 -0.772534 0.570478 -0.278829 0 0.633707 0.664965 -0.395268 0 0.855957 -0.687068 0.192994 1 </offset_matrix>
				<local_matrix>-0.0634466 0.932615 0.355252 0 0.896035 0.209972 -0.391194 0 -0.439426 0.293499 -0.848978 0 -0.149067 0.060846 -0.117987 1 </local_matrix>
				<parent>2</parent>
			</bone>
			<bone index="51">
				<name>Bip001 R Calf</name>
				<offset_matrix>0.0947693 -0.474343 -0.875224 0 -0.900152 0.334634 -0.278829 0 0.425141 0.81426 -0.395268 0 0.603216 -0.541386 0.192994 1 </offset_matrix>
				<local_matrix>0.961015 -0.276497 -2.77556e-17 0 0.276497 0.961015 0 0 -1.66533e-16 0 1 0 0.425949 -1.11022e-16 -4.47035e-08 1 </local_matrix>
				<parent>50</parent>
			</bone>
			<bone index="52">
				<name>Bip001 R Foot</name>
				<offset_matrix>0.191629 -0.260269 -0.946329 0 -0.968511 -0.206296 -0.139383 0 -0.158947 0.94324 -0.291606 0 0.352286 -0.444617 0.09762 1 </offset_matrix>
				<local_matrix>0.822394 -0.544419 0.165158 0 0.562042 0.822465 -0.0875171 0 -0.0881905 0.164799 0.982377 0 0.572001 -5.96046e-08 1.49012e-08 1 </local_matrix>
				<parent>51</parent>
			</bone>
			<bone index="53">
				<name>Bip001 R Toe0</name>
				<offset_matrix>-0.260269 -0.191629 -0.946329 0 -0.206296 0.968511 -0.139383 0 0.94324 0.158947 -0.291606 0 -0.553919 -0.203951 0.09762 1 </offset_matrix>
				<local_matrix>5.55112e-17 1 -1.86265e-09 0 -1 1.38778e-16 4.47035e-08 0 4.47035e-08 1.86265e-09 1 0 0.148335 0.109301 1.49012e-08 1 </local_matrix>
				<parent>52</parent>
			</bone>
			<bone index="54">
				<name>Bip001 R Toe0Nub</name>
				<offset_matrix>-0.260269 -0.191629 -0.946329 0 -0.206296 0.968511 -0.139383 0 0.94324 0.158947 -0.291606 0 -0.668089 -0.203951 0.09762 1 </offset_matrix>
				<local_matrix>1 0 7.45058e-09 0 0 1 3.46945e-17 0 -7.45058e-09 4.85723e-17 1 0 0.11417 0 -7.45058e-09 1 </local_matrix>
				<parent>53</parent>
			</bone>
			<bone index="55">
				<name>Bip001 Prop2</name>
				<offset_matrix>0.996619 -0.0600108 0.056126 0 -0.0393158 -0.948084 -0.315582 0 0.0721505 0.312309 -0.947237 0 0.318558 1.03879 0.73112 1 </offset_matrix>
				<local_matrix>-1.78628e-06 1 1.28895e-06 0 0.707107 2.17451e-06 -0.707107 0 -0.707107 -3.51663e-07 -0.707107 0 0.275297 -0.275233 0.266851 1 </local_matrix>
				<parent>0</parent>
			</bone>
			<bone index="56">
				<name>Bip001 Prop1</name>
				<offset_matrix>0.068728 0.461859 -0.884287 0 0.832255 -0.515312 -0.204461 0 -0.550116 -0.7219 -0.419801 0 -1.47169 0.670616 0.248244 1 </offset_matrix>
				<local_matrix>-0.867818 -0.00391848 0.496866 0 -0.450406 0.428472 -0.783292 0 -0.209824 -0.903547 -0.3736 0 -0.430172 -0.025479 0.3646 1 </local_matrix>
				<parent>0</parent>
			</bone>
		</bones_array>
	</skeleton>
	<animations>
		<animation name="Run">
			<duration>0.666667</duration>
			<channels>
				<bone_channel>
					<bone_name>Bip001</bone_name>
					<position_keys count="21">
						<key time="0">0 1.10198 0 </key>
						<key time="0.0333333351">-0.0187557 1.04404 5.20208e-08 </key>
						<key time="0.0666666701">-0.0418732 0.968317 1.16139e-07 </key>
						<key time="0.100000001">-0.0615012 0.931465 1.7058e-07 </key>
						<key time="0.13333334">-0.0697886 0.955988 1.93566e-07 </key>
						<key time="0.166666672">-0.0665577 1.01045 1.84604e-07 </key>
						<key time="0.200000003">-0.0578987 1.07064 1.60588e-07 </key>
						<key time="0.233333334">-0.0453626 1.11232 1.25818e-07 </key>
						<key time="0.266666681">-0.0305002 1.12716 8.45954e-08 </key>
						<key time="0.300000012">-0.0148624 1.12347 4.12223e-08 </key>
						<key time="0.333333343">0 1.10198 0 </key>
						<key time="0.366666675">0.0187557 1.04404 -5.20208e-08 </key>
						<key time="0.400000006">0.0418732 0.968317 -1.16139e-07 </key>
						<key time="0.433333337">0.0615012 0.931465 -1.7058e-07 </key>
						<key time="0.466666669">0.0697886 0.955988 -1.93566e-07 </key>
						<key time="0.5">0.0665577 1.01045 -1.84604e-07 </key>
						<key time="0.533333361">0.0578987 1.07064 -1.60588e-07 </key>
						<key time="0.566666663">0.0453626 1.11232 -1.25818e-07 </key>
						<key time="0.600000024">0.0305002 1.12716 -8.45954e-08 </key>
						<key time="0.633333325">0.0148624 1.12347 -4.12223e-08 </key>
						<key time="0.666666687">0 1.10198 0 </key>
					</position_keys>
					<rotation_keys count="21">
						<key time="0">0.155308 0.170605 -0.71551 0.659407 </key>
						<key time="0.0333333351">0.156359 0.168393 -0.725446 0.648787 </key>
						<key time="0.0666666701">0.159283 0.162248 -0.748643 0.622767 </key>
						<key time="0.100000001">0.162258 0.153741 -0.777681 0.587578 </key>
						<key time="0.13333334">0.163647 0.144644 -0.805948 0.550223 </key>
						<key time="0.166666672">0.162114 0.136999 -0.828169 0.518736 </key>
						<key time="0.200000003">-0.15585 -0.130322 0.847279 -0.49076 </key>
						<key time="0.233333334">-0.145732 -0.123259 0.866641 -0.460981 </key>
						<key time="0.266666681">-0.134765 -0.116795 0.883127 -0.433918 </key>
						<key time="0.300000012">-0.126076 -0.11201 0.894315 -0.414439 </key>
						<key time="0.333333343">-0.122843 -0.110024 0.898165 -0.407558 </key>
						<key time="0.366666675">-0.127342 -0.111498 0.893056 -0.416896 </key>
						<key time="0.400000006">-0.137451 -0.115684 0.880293 -0.439101 </key>
						<key time="0.433333337">-0.149712 -0.121557 0.862101 -0.468606 </key>
						<key time="0.466666669">0.160745 0.12815 -0.841237 0.500059 </key>
						<key time="0.5">0.167319 0.134606 -0.8213 0.528538 </key>
						<key time="0.533333361">0.16842 0.142357 -0.799235 0.5591 </key>
						<key time="0.566666663">0.166032 0.151842 -0.771994 0.594477 </key>
						<key time="0.600000024">0.161766 0.160939 -0.744665 0.62722 </key>
						<key time="0.633333325">0.157508 0.167766 -0.723523 0.650815 </key>
						<key time="0.666666687">0.155308 0.170605 -0.71551 0.659407 </key>
					</rotation_keys>
					<scale_keys count="21">
						<key time="0">1 1 1 </key>
						<key time="0.0333333351">1 1 1 </key>
						<key time="0.0666666701">1 1 1 </key>
						<key time="0.100000001">1 1 1 </key>
						<key time="0.13333334">1 1 1 </key>
						<key time="0.166666672">1 1 1 </key>
						<key time="0.200000003">1 1 1 </key>
						<key time="0.233333334">1 1 1 </key>
						<key time="0.266666681">1 1 1 </key>
						<key time="0.300000012">1 1 1 </key>
						<key time="0.333333343">1 1 1 </key>
						<key time="0.366666675">1 1 1 </key>
						<key time="0.400000006">1 1 1 </key>
						<key time="0.433333337">1 1 1 </key>
						<key time="0.466666669">1 1 1 </key>
						<key time="0.5">1 1 1 </key>
						<key time="0.533333361">1 1 1 </key>
						<key time="0.566666663">1 1 1 </key>
						<key time="0.600000024">1 1 1 </key>
						<key time="0.633333325">1 1 1 </key>
						<key time="0.666666687">1 1 1 </key>
					</scale_keys>
				</bone_channel>
				<bone_channel>
					<bone_name>Bip001 Pelvis</bone_name>
					<position_keys count="21">
						<key time="0">0 0 0 </key>
						<key time="0.0333333351">0 0 0 </key>
						<key time="0.0666666701">0 0 0 </key>
						<key time="0.100000001">0 0 0 </key>
						<key time="0.13333334">0 0 0 </key>
						<key time="0.166666672">0 0 0 </key>
						<key time="0.200000003">0 0 0 </key>
						<key time="0.233333334">0 0 0 </key>
						<key time="0.266666681">0 0 0 </key>
						<key time="0.300000012">0 0 0 </key>
						<key time="0.333333343">0 0 0 </key>
						<key time="0.366666675">0 0 0 </key>
						<key time="0.400000006">0 0 0 </key>
						<key time="0.433333337">0 0 0 </key>
						<key time="0.466666669">0 0 0 </key>
						<key time="0.5">0 0 0 </key>
						<key time="0.533333361">0 0 0 </key>
						<key time="0.566666663">0 0 0 </key>
						<key time="0.600000024">0 0 0 </key>
						<key time="0.633333325">0 0 0 </key>
						<key time="0.666666687">0 0 0 </key>
					</position_keys>
					<rotation_keys count="21">
						<key time="0">-0.5 -0.5 -0.5 0.5 </key>
						<key time="0.0333333351">-0.5 -0.5 -0.5 0.5 </key>
						<key time="0.0666666701">-0.5 -0.5 -0.5 0.5 </key>
						<key time="0.100000001">-0.5 -0.5 -0.5 0.5 </key>
						<key time="0.13333334">-0.5 -0.5 -0.5 0.5 </key>
						<key time="0.166666672">-0.5 -0.5 -0.5 0.5 </key>
						<key time="0.200000003">-0.5 -0.5 -0.5 0.5 </key>
						<key time="0.233333334">-0.5 -0.5 -0.5 0.5 </key>
						<key time="0.266666681">-0.5 -0.5 -0.5 0.5 </key>
						<key time="0.300000012">-0.5 -0.5 -0.5 0.5 </key>
						<key time="0.333333343">-0.5 -0.5 -0.5 0.5 </key>
						<key time="0.366666675">-0.5 -0.5 -0.5 0.5 </key>
						<key time="0.400000006">-0.5 -0.5 -0.5 0.5 </key>
						<key time="0.433333337">-0.5 -0.5 -0.5 0.5 </key>
						<key time="0.466666669">-0.5 -0.5 -0.5 0.5 </key>
						<key time="0.5">-0.5 -0.5 -0.5 0.5 </key>
						<key time="0.533333361">-0.5 -0.5 -0.5 0.5 </key>
						<key time="0.566666663">-0.5 -0.5 -0.5 0.5 </key>
						<key time="0.600000024">-0.5 -0.5 -0.5 0.5 </key>
						<key time="0.633333325">-0.5 -0.5 -0.5 0.5 </key>
						<key time="0.666666687">-0.5 -0.5 -0.5 0.5 </key>
					</rotation_keys>
					<scale_keys count="21">
						<key time="0">1 1 1 </key>
						<key time="0.0333333351">1 1 1 </key>
						<key time="0.0666666701">1 1 1 </key>
						<key time="0.100000001">1 1 1 </key>
						<key time="0.13333334">1 1 1 </key>
						<key time="0.166666672">1 1 1 </key>
						<key time="0.200000003">1 1 1 </key>
						<key time="0.233333334">1 1 1 </key>
						<key time="0.266666681">1 1 1 </key>
						<key time="0.300000012">1 1 1 </key>
						<key time="0.333333343">1 1 1 </key>
						<key time="0.366666675">1 1 1 </key>
						<key time="0.400000006">1 1 1 </key>
						<key time="0.433333337">1 1 1 </key>
						<key time="0.466666669">1 1 1 </key>
						<key time="0.5">1 1 1 </key>
						<key time="0.533333361">1 1 1 </key>
						<key time="0.566666663">1 1 1 </key>
						<key time="0.600000024">1 1 1 </key>
						<key time="0.633333325">1 1 1 </key>
						<key time="0.666666687">1 1 1 </key>
					</scale_keys>
				</bone_channel>
				<bone_channel>
					<bone_name>Bip001 Spine</bone_name>
					<position_keys count="21">
						<key time="0">0.148826 0.0344654 6.17728e-05 </key>
						<key time="0.0333333351">0.148819 0.0344632 6.14263e-05 </key>
						<key time="0.0666666701">0.148812 0.0344599 5.91874e-05 </key>
						<key time="0.100000001">0.148809 0.0344581 5.5939e-05 </key>
						<key time="0.13333334">0.148814 0.0344584 5.22658e-05 </key>
						<key time="0.166666672">0.148824 0.0344603 4.82202e-05 </key>
						<key time="0.200000003">0.148833 0.0344628 4.43459e-05 </key>
						<key time="0.233333334">0.148839 0.0344646 4.11272e-05 </key>
						<key time="0.266666681">0.148839 0.0344641 3.86387e-05 </key>
						<key time="0.300000012">0.148835 0.034462 3.66271e-05 </key>
						<key time="0.333333343">0.148831 0.0344599 3.52785e-05 </key>
						<key time="0.366666675">0.148825 0.0344577 3.44589e-05 </key>
						<key time="0.400000006">0.148819 0.0344555 3.45334e-05 </key>
						<key time="0.433333337">0.148816 0.0344548 3.62471e-05 </key>
						<key time="0.466666669">0.148817 0.034456 3.98047e-05 </key>
						<key time="0.5">0.14882 0.0344582 4.43608e-05 </key>
						<key time="0.533333361">0.148825 0.0344609 4.90211e-05 </key>
						<key time="0.566666663">0.148827 0.0344631 5.30295e-05 </key>
						<key time="0.600000024">0.148828 0.0344646 5.66971e-05 </key>
						<key time="0.633333325">0.148828 0.0344655 5.99734e-05 </key>
						<key time="0.666666687">0.148826 0.0344654 6.17728e-05 </key>
					</position_keys>
					<rotation_keys count="21">
						<key time="0">-0.162776 -0.0197768 0.175889 0.970657 </key>
						<key time="0.0333333351">-0.159839 -0.0309714 0.160996 0.973433 </key>
						<key time="0.0666666701">-0.150849 -0.0516766 0.142693 0.976838 </key>
						<key time="0.100000001">-0.139625 -0.0701836 0.137177 0.978142 </key>
						<key time="0.13333334">-0.126926 -0.0829981 0.152108 0.97666 </key>
						<key time="0.166666672">-0.112213 -0.0944638 0.177495 0.973129 </key>
						<key time="0.200000003">-0.0976117 -0.104721 0.203263 0.968602 </key>
						<key time="0.233333334">-0.0853642 -0.114018 0.219516 0.965156 </key>
						<key time="0.266666681">-0.0764967 -0.123209 0.219509 0.964771 </key>
						<key time="0.300000012">-0.0706539 -0.130701 0.208755 0.966616 </key>
						<key time="0.333333343">-0.0680561 -0.13315 0.195902 0.969155 </key>
						<key time="0.366666675">-0.0687018 -0.128304 0.180365 0.972773 </key>
						<key time="0.400000006">-0.0725771 -0.118385 0.162694 0.976856 </key>
						<key time="0.433333337">-0.0799266 -0.106868 0.153392 0.979113 </key>
						<key time="0.466666669">-0.0910327 -0.0948534 0.15677 0.978846 </key>
						<key time="0.5">-0.104706 -0.0816431 0.166572 0.977049 </key>
						<key time="0.533333361">-0.119019 -0.0680853 0.177535 0.974515 </key>
						<key time="0.566666663">-0.132075 -0.0550561 0.184446 0.972371 </key>
						<key time="0.600000024">-0.145009 -0.0398085 0.185396 0.97109 </key>
						<key time="0.633333325">-0.156878 -0.0250296 0.182313 0.970322 </key>
						<key time="0.666666687">-0.162776 -0.0197768 0.175889 0.970657 </key>
					</rotation_keys>
					<scale_keys count="21">
						<key time="0">1 1 1 </key>
						<key time="0.0333333351">1 1 1 </key>
						<key time="0.0666666701">1 1 1 </key>
						<key time="0.100000001">1 1 1 </key>
						<key time="0.13333334">1 1 1 </key>
						<key time="0.166666672">1 1 1 </key>
						<key time="0.200000003">1 1 1 </key>
						<key time="0.233333334">1 1 1 </key>
						<key time="0.266666681">1 1 1 </key>
						<key time="0.300000012">1 1 1 </key>
						<key time="0.333333343">1 1 1 </key>
						<key time="0.366666675">1 1 1 </key>
						<key time="0.400000006">1 1 1 </key>
						<key time="0.433333337">1 1 1 </key>
						<key time="0.466666669">1 1 1 </key>
						<key time="0.5">1 1 1 </key>
						<key time="0.533333361">1 1 1 </key>
						<key time="0.566666663">1 1 1 </key>
						<key time="0.600000024">1 1 1 </key>
						<key time="0.633333325">1 1 1 </key>
						<key time="0.666666687">1 1 1 </key>
					</scale_keys>
				</bone_channel>
				<bone_channel>
					<bone_name>Bip001 Spine1</bone_name>
					<position_keys count="21">
						<key time="0">0.239803 -0.000218272 7.19726e-05 </key>
						<key time="0.0333333351">0.239789 -0.000222862 6.99162e-05 </key>
						<key time="0.0666666701">0.239773 -0.000228703 6.04987e-05 </key>
						<key time="0.100000001">0.239766 -0.000233054 4.68194e-05 </key>
						<key time="0.13333334">0.239776 -0.000234246 2.99811e-05 </key>
						<key time="0.166666672">0.239794 -0.0002321 1.02818e-05 </key>
						<key time="0.200000003">0.239813 -0.000226498 -8.82149e-06 </key>
						<key time="0.233333334">0.239824 -0.000221133 -2.43485e-05 </key>
						<key time="0.266666681">0.239826 -0.000219226 -3.44217e-05 </key>
						<key time="0.300000012">0.23982 -0.000220418 -4.07696e-05 </key>
						<key time="0.333333343">0.23981 -0.000223041 -4.54783e-05 </key>
						<key time="0.366666675">0.239792 -0.000226915 -5.14388e-05 </key>
						<key time="0.400000006">0.23977 -0.00023067 -5.54025e-05 </key>
						<key time="0.433333337">0.239759 -0.000233054 -5.03063e-05 </key>
						<key time="0.466666669">0.239768 -0.000235081 -3.38852e-05 </key>
						<key time="0.5">0.239786 -0.000233948 -1.09375e-05 </key>
						<key time="0.533333361">0.239806 -0.000228703 1.32322e-05 </key>
						<key time="0.566666663">0.239818 -0.000222504 3.3617e-05 </key>
						<key time="0.600000024">0.239819 -0.000218928 5.06043e-05 </key>
						<key time="0.633333325">0.239812 -0.000217438 6.47604e-05 </key>
						<key time="0.666666687">0.239803 -0.000218272 7.19726e-05 </key>
					</position_keys>
					<rotation_keys count="21">
						<key time="0">-0.151362 -0.0155797 0.147876 0.977231 </key>
						<key time="0.0333333351">-0.146045 -0.0209407 0.118191 0.981969 </key>
						<key time="0.0666666701">-0.125006 -0.0301451 0.0829477 0.988223 </key>
						<key time="0.100000001">-0.0957342 -0.0389414 0.068995 0.992249 </key>
						<key time="0.13333334">-0.0588861 -0.0463788 0.0884003 0.993261 </key>
						<key time="0.166666672">-0.0148628 -0.0537177 0.124766 0.990619 </key>
						<key time="0.200000003">0.02873 -0.0601498 0.162374 0.984475 </key>
						<key time="0.233333334">0.0642579 -0.0650652 0.185895 0.978305 </key>
						<key time="0.266666681">0.0866496 -0.0681608 0.18748 0.976062 </key>
						<key time="0.300000012">0.0992825 -0.0692472 0.173943 0.977288 </key>
						<key time="0.333333343">0.107277 -0.0679818 0.152239 0.98015 </key>
						<key time="0.366666675">0.116378 -0.0633775 0.113138 0.984703 </key>
						<key time="0.400000006">0.120592 -0.0562941 0.065661 0.988927 </key>
						<key time="0.433333337">0.108034 -0.0494464 0.0446057 0.991914 </key>
						<key time="0.466666669">0.0738387 -0.0436562 0.0648682 0.9942 </key>
						<key time="0.5">0.0269665 -0.0378597 0.105861 0.993294 </key>
						<key time="0.533333361">-0.0230741 -0.0321845 0.149262 0.988004 </key>
						<key time="0.566666663">-0.0666065 -0.0269134 0.177172 0.981555 </key>
						<key time="0.600000024">-0.104008 -0.0213296 0.180016 0.977917 </key>
						<key time="0.633333325">-0.13549 -0.0165245 0.166721 0.976511 </key>
						<key time="0.666666687">-0.151362 -0.0155797 0.147876 0.977231 </key>
					</rotation_keys>
					<scale_keys count="21">
						<key time="0">1 1 1 </key>
						<key time="0.0333333351">1 1 1 </key>
						<key time="0.0666666701">1 1 1 </key>
						<key time="0.100000001">1 1 1 </key>
						<key time="0.13333334">1 1 1 </key>
						<key time="0.166666672">1 1 1 </key>
						<key time="0.200000003">1 1 1 </key>
						<key time="0.233333334">1 1 1 </key>
						<key time="0.266666681">1 1 1 </key>
						<key time="0.300000012">1 1 1 </key>
						<key time="0.333333343">1 1 1 </key>
						<key time="0.366666675">1 1 1 </key>
						<key time="0.400000006">1 1 1 </key>
						<key time="0.433333337">1 1 1 </key>
						<key time="0.466666669">1 1 1 </key>
						<key time="0.5">1 1 1 </key>
						<key time="0.533333361">1 1 1 </key>
						<key time="0.566666663">1 1 1 </key>
						<key time="0.600000024">1 1 1 </key>
						<key time="0.633333325">1 1 1 </key>
						<key time="0.666666687">1 1 1 </key>
					</scale_keys>
				</bone_channel>
				<bone_channel>
					<bone_name>Bip001 Neck</bone_name>
					<position_keys count="21">
						<key time="0">0.35759 -0.0462568 -1.19209e-07 </key>
						<key time="0.0333333351">0.357592 -0.0462558 5.96046e-08 </key>
						<key time="0.0666666701">0.357594 -0.0462546 0 </key>
						<key time="0.100000001">0.357595 -0.0462543 0 </key>
						<key time="0.13333334">0.357593 -0.0462556 -1.78814e-07 </key>
						<key time="0.166666672">0.357588 -0.0462577 -7.15256e-07 </key>
						<key time="0.200000003">0.357584 -0.046259 -1.60933e-06 </key>
						<key time="0.233333334">0.357582 -0.0462599 -2.14577e-06 </key>
						<key time="0.266666681">0.357584 -0.0462594 -1.60933e-06 </key>
						<key time="0.300000012">0.357587 -0.0462581 -5.06639e-07 </key>
						<key time="0.333333343">0.35759 -0.0462568 -5.96046e-08 </key>
						<key time="0.366666675">0.357591 -0.0462565 2.98023e-08 </key>
						<key time="0.400000006">0.357591 -0.0462564 0 </key>
						<key time="0.433333337">0.357591 -0.0462563 5.96046e-08 </key>
						<key time="0.466666669">0.357591 -0.0462562 1.04308e-07 </key>
						<key time="0.5">0.357591 -0.0462562 8.9407e-08 </key>
						<key time="0.533333361">0.357591 -0.0462564 1.19209e-07 </key>
						<key time="0.566666663">0.357591 -0.0462565 2.98023e-08 </key>
						<key time="0.600000024">0.35759 -0.0462567 5.96046e-08 </key>
						<key time="0.633333325">0.35759 -0.046257 -5.96046e-08 </key>
