<?xml version="1.0"?>
<model>
	<skeleton>
		<num_bones>140</num_bones>
		<bones_array>
			<bone index="0">
				<name>Character1_Hips</name>
				<offset_matrix>0.355244 -5.05319e-14 99.9994 0 99.9994 1.79512e-16 -0.355244 0 -2.35099e-32 100 5.05322e-14 0 -86.8577 -1.18269 0.308558 1 </offset_matrix>
				<local_matrix>0.00355244 0.999993 0 0 -5.05318e-16 1.79512e-18 0.999999 0 0.999993 -0.00355244 5.05321e-16 0 0 86.8582 1.18269 1 </local_matrix>
				<parent>-1</parent>
			</bone>
			<bone index="1">
				<name>Character1_LeftUpLeg</name>
				<offset_matrix>-3.72068 0.00325143 -99.9308 0 -99.9069 -2.18747 3.71972 0 -2.18584 99.9761 0.0846372 0 81.0263 0.377011 4.26507 1 </offset_matrix>
				<local_matrix>-0.999195 -0.0218584 -0.0336574 0 -0.0218745 0.999761 0.000110223 0 0.033647 0.000846372 -0.999434 0 -6.03192 0.207883 7.29831 1 </local_matrix>
				<parent>0</parent>
			</bone>
			<bone index="2">
				<name>Character1_LeftLeg</name>
				<offset_matrix>-3.71893 -0.121653 -99.9308 0 -99.7756 -5.56874 3.71994 0 -5.56941 99.8448 0.0857179 0 45.7803 2.72899 3.75043 1 </offset_matrix>
				<local_matrix>0.999426 -0.0338563 2.7437e-06 0 0.0338563 0.999426 -1.06698e-05 0 -2.38089e-06 1.07565e-05 0.999999 0 35.1799 -0.800501 0.514541 1 </local_matrix>
				<parent>1</parent>
			</bone>
			<bone index="3">
				<name>Character1_LeftFoot</name>
				<offset_matrix>-3.26132 1.79153 -99.9308 0 -88.6548 46.1142 3.72003 0 46.1488 88.7147 0.0843465 0 8.00311 -2.01965 4.12816 1 </offset_matrix>
				<local_matrix>0.860067 0.510181 7.21138e-06 0 -0.510181 0.860067 1.17067e-05 0 -2.29717e-07 -1.37477e-05 1 0 37.8667 0.383049 -0.377766 1 </local_matrix>
				<parent>2</parent>
			</bone>
			<bone index="4">
				<name>Character1_LeftToeBase</name>
				<offset_matrix>0.0951452 9.27283 -99.5692 0 0.000502535 99.5693 9.27283 0 100 -0.00929436 0.0946904 0 -6.22174 -3.00252 4.3594 1 </offset_matrix>
				<local_matrix>0.461453 0.887165 -0.000107142 0 -0.885794 0.460733 -0.055624 0 -0.0492983 0.0257628 0.998452 0 8.42944 4.77111 -0.392164 1 </local_matrix>
				<parent>3</parent>
			</bone>
			<bone index="5">
				<name>Character1_RightUpLeg</name>
				<offset_matrix>-0.000286226 -0.00126958 -100 0 -99.9749 -2.24103 0.000314485 0 -2.24103 99.9749 -0.00126285 0 80.8113 0.420448 -7.27707 1 </offset_matrix>
				<local_matrix>-0.999743 -0.0224102 0.00354868 0 -0.0224102 0.999749 6.69153e-05 0 -0.00354929 -1.26285e-05 -0.999994 0 -6.08358 0.207878 -7.25527 1 </local_matrix>
				<parent>0</parent>
			</bone>
			<bone index="6">
				<name>Character1_RightLeg</name>
				<offset_matrix>-0.000244329 -1.49078e-05 -100 0 -99.8472 -5.52689 0.000244659 0 -5.52689 99.8472 -1.38143e-06 0 45.6101 2.72204 -5.45375 1 </offset_matrix>
				<local_matrix>0.999459 -0.032879 -5.29396e-22 0 0.032879 0.999459 -1.2634e-05 0 4.15393e-07 1.26272e-05 1 0 35.1364 -0.800434 -1.82328 1 </local_matrix>
				<parent>5</parent>
			</bone>
			<bone index="7">
				<name>Character1_RightFoot</name>
				<offset_matrix>-1.09857e-07 5.74743e-08 -100 0 -88.7167 46.145 3.14608e-09 0 46.145 88.7167 4.19458e-11 0 7.86472 -1.94104 -4.42237 1 </offset_matrix>
				<local_matrix>0.860306 0.509777 -2.17687e-06 0 -0.509777 0.860306 1.1167e-06 0 2.44205e-06 1.49012e-07 1 0 37.8545 0.382683 -1.03136 1 </local_matrix>
				<parent>6</parent>
			</bone>
			<bone index="8">
				<name>Character1_RightToeBase</name>
				<offset_matrix>0.011902 -4.91058e-06 -100 0 -6.47838e-05 100 -5.03913e-06 0 100 8.16974e-05 0.011902 0 -6.21458 -2.58525 -4.62556 1 </offset_matrix>
				<local_matrix>0.46145 0.887166 -0.00011902 0 -0.887166 0.46145 5.03456e-08 0 5.49666e-05 0.000105568 1 0 8.43914 4.76578 0.202449 1 </local_matrix>
				<parent>7</parent>
			</bone>
			<bone index="9">
				<name>Character1_Spine</name>
				<offset_matrix>6.01699e-08 -5.16075e-09 100 0 99.6343 -8.54546 6.03914e-08 0 8.54547 99.6343 8.12435e-14 0 -88.9745 5.62301 1.05617e-06 1 </offset_matrix>
				<local_matrix>0.996336 0.0854546 -0.00353944 0 -0.0854541 0.996342 0.000303572 0 0.00355244 3.07278e-16 0.999994 0 2.27133 0.81815 -0.00806993 1 </local_matrix>
				<parent>0</parent>
			</bone>
			<bone index="10">
				<name>Character1_Spine1</name>
				<offset_matrix>6.03858e-08 7.74357e-10 100 0 99.9918 1.28238 6.03914e-08 0 -1.28238 99.9918 8.12435e-14 0 -98.1695 -4.21553 1.74534e-06 1 </offset_matrix>
				<local_matrix>0.995165 -0.0982245 -2.85092e-26 0 0.0982244 0.995165 -8.41754e-27 0 1.89746e-26 -3.73061e-26 1 0 9.13435 0.175515 -6.89173e-07 1 </local_matrix>
				<parent>9</parent>
			</bone>
			<bone index="11">
				<name>Character1_Spine2</name>
				<offset_matrix>-0.104544 -1.47837 99.989 0 95.0582 31.0426 0.558363 0 -31.0475 95.0483 1.37285 0 -100.821 -35.8838 -0.635963 1 </offset_matrix>
				<local_matrix>0.954484 -0.298259 -0.00104544 0 0.298212 0.954385 -0.0147837 0 0.00540711 0.013799 0.99989 0 8.76668 -0.030447 -1.85697e-06 1 </local_matrix>
				<parent>10</parent>
			</bone>
			<bone index="12">
				<name>Character1_LeftShoulder</name>
				<offset_matrix>100 -3.98736e-07 0.00220974 0 0.00220954 1.56768e-06 -100 0 -3.98696e-07 100 -1.5677e-06 0 -4.2141 1.06038 118.593 1 </offset_matrix>
				<local_matrix>-0.00102444 -0.0147768 0.99989 0 -0.310475 0.950483 0.0137285 0 -0.950582 -0.310427 -0.00556153 0 12.2367 -0.139499 4.22268 1 </local_matrix>
				<parent>11</parent>
			</bone>
			<bone index="13">
				<name>Character1_LeftArm</name>
				<offset_matrix>99.9986 -0.139109 -0.525463 0 -0.525464 0.000365517 -99.9987 0 0.139109 99.9999 -0.000368589 0 -9.1304 1.07352 118.643 1 </offset_matrix>
				<local_matrix>0.999985 0.00139109 0.00527673 0 -0.00139109 0.999999 -3.67023e-06 0 -0.00527673 -3.67023e-06 0.999986 0 5.5437 -4.79052e-06 9.19836e-05 1 </local_matrix>
				<parent>12</parent>
			</bone>
			<bone index="14">
				<name>Character1_LeftForeArm</name>
				<offset_matrix>99.9971 -0.220525 -0.73149 0 -0.731437 0.02449 -99.9974 0 0.220698 99.9998 0.0228731 0 -32.2628 1.07107 118.709 1 </offset_matrix>
				<local_matrix>0.999998 0.000815902 0.00205978 0 -0.000815415 1 -0.000236963 0 -0.00205997 0.000235283 0.999998 0 23.3778 0.000846294 0.000632686 1 </local_matrix>
				<parent>13</parent>
			</bone>
			<bone index="15">
				<name>Character1_LeftHand</name>
				<offset_matrix>99.9336 -0.801998 3.55571 0 3.64501 21.6083 -97.5695 0 0.0141758 97.6342 21.6232 0 -53.6612 -24.2099 113.933 1 </offset_matrix>
				<local_matrix>0.99904 -0.00205309 -0.0437591 0 -0.00744548 0.97641 -0.215795 0 0.0431699 0.215914 0.975458 0 16.2482 -3.00635e-05 1.30688e-05 1 </local_matrix>
				<parent>14</parent>
			</bone>
			<bone index="16">
				<name>Character1_LeftHandThumb1</name>
				<offset_matrix>77.7576 -11.6757 61.7854 0 -30.4025 -92.9929 20.6888 0 55.0405 -34.8714 -75.8587 0 -5.24782 115.66 -55.5245 1 </offset_matrix>
				<local_matrix>0.766055 0.465452 0.443298 0 -0.150625 -0.540469 0.827771 0 0.624877 -0.70089 -0.34392 0 2.47607 1.82664 1.4236 1 </local_matrix>
				<parent>15</parent>
			</bone>
			<bone index="17">
				<name>Character1_LeftHandThumb2</name>
				<offset_matrix>79.4091 -21.0283 57.0264 0 -39.6824 -89.005 22.4373 0 46.0382 -40.4467 -79.0225 0 1.67392 116.066 -55.0338 1 </offset_matrix>
				<local_matrix>0.991506 0.11576 0.0592951 0 -0.115534 0.993277 -0.00724172 0 -0.0597348 0.000329612 0.998214 0 3.21455 0.198593 0.152296 1 </local_matrix>
				<parent>16</parent>
			</bone>
			<bone index="18">
				<name>Character1_LeftHandThumb3</name>
				<offset_matrix>82.4027 -14.9584 54.6448 0 -32.2827 -91.6587 23.5907 0 46.5579 -37.0802 -80.3581 0 -10.3361 115.726 -54.9989 1 </offset_matrix>
				<local_matrix>0.996801 -0.0742581 0.0295672 0 0.0742297 0.997239 0.0020576 0 -0.0296384 0.000143746 0.999561 0 1.75661 -0.100338 0.0084736 1 </local_matrix>
				<parent>17</parent>
			</bone>
			<bone index="19">
				<name>Character1_LeftHandThumb4</name>
				<offset_matrix>81.9721 -13.4801 55.6674 0 -27.8611 -94.302 18.1908 0 50.0434 -30.4209 -81.057 0 -17.9681 117.698 -49.2941 1 </offset_matrix>
				<local_matrix>0.998406 -0.0528077 -0.0199304 0 0.051719 0.997324 -0.0516701 0 0.0226057 0.0505569 0.998465 0 2.63044 -0.114386 -0.0570866 1 </local_matrix>
				<parent>18</parent>
			</bone>
			<bone index="20">
				<name>Character1_LeftHandIndex1</name>
				<offset_matrix>99.8963 -0.731428 -4.49529 0 -4.48877 0.885311 -99.8953 0 0.770459 99.9934 0.851553 0 -52.0192 -2.126 121.784 1 </offset_matrix>
				<local_matrix>0.996663 -0.0101888 0.0809827 0 -0.00684497 0.978249 0.207319 0 -0.0813336 -0.207182 0.974915 0 8.07495 2.57134 -0.142828 1 </local_matrix>
				<parent>15</parent>
			</bone>
			<bone index="21">
				<name>Character1_LeftHandIndex2</name>
				<offset_matrix>99.9595 -1.58543 -2.36825 0 -2.36125 0.458758 -99.9711 0 1.59583 99.9864 0.421129 0 -57.0368 -1.35635 120.728 1 </offset_matrix>
				<local_matrix>0.999739 0.00843692 -0.0212109 0 -0.00834019 0.999954 0.00464436 0 0.0212492 -0.00446625 0.999764 0 2.42604 0.250706 -0.11866 1 </local_matrix>
				<parent>20</parent>
			</bone>
			<bone index="22">
				<name>Character1_LeftHandIndex3</name>
				<offset_matrix>99.4974 -0.643275 9.99392 0 9.99376 -0.0554335 -99.4994 0 0.645595 99.998 0.00912525 0 -73.0923 -1.3337 112.62 1 </offset_matrix>
				<local_matrix>0.992312 -0.00886103 -0.123445 0 0.00954094 0.999942 0.00491779 0 0.123394 -0.00605776 0.992339 0 1.60969 0.0118217 -0.0458336 1 </local_matrix>
				<parent>21</parent>
			</bone>
			<bone index="23">
				<name>Character1_LeftHandIndex4</name>
				<offset_matrix>99.3174 -10.085 5.86186 0 9.91815 99.4597 3.07145 0 -6.13993 -2.46909 99.7809 0 -74.883 -112.304 -9.30074 1 </offset_matrix>
				<local_matrix>0.997696 -0.0678418 0.000566328 0 -0.00110482 -0.024593 -0.999696 0 0.0678351 0.997392 -0.0246113 0 2.12499 0.100699 0.163699 1 </local_matrix>
				<parent>22</parent>
			</bone>
			<bone index="24">
				<name>Character1_LeftHandMiddle1</name>
				<offset_matrix>99.3064 10.0348 6.12749 0 5.0362 10.7888 -99.2887 0 -10.6245 98.9086 10.2086 0 -63.09 -18.0934 115.047 1 </offset_matrix>
				<local_matrix>0.994224 -0.100814 -0.036801 0 0.104354 0.988194 0.112174 0 0.0250579 -0.115366 0.993007 0 8.06962 0.582166 -0.602125 1 </local_matrix>
				<parent>15</parent>
			</bone>
			<bone index="25">
				<name>Character1_LeftHandMiddle2</name>
				<offset_matrix>99.4777 7.25996 -7.17571 0 -8.35268 17.4842 -98.1048 0 -5.86776 98.1917 17.9993 0 -49.7195 -24.5585 121.282 1 </offset_matrix>
				<local_matrix>0.989904 0.0327756 0.137897 0 -0.0234227 0.997348 -0.0689098 0 -0.13979 0.0649841 0.988046 0 2.50632 0.148199 0.379354 1 </local_matrix>
				<parent>24</parent>
			</bone>
			<bone index="26">
				<name>Character1_LeftHandMiddle3</name>
				<offset_matrix>99.3298 10.8637 3.94732 0 1.48882 21.8408 -97.5745 0 -11.4624 96.9792 21.5327 0 -63.3191 -31.9727 113.779 1 </offset_matrix>
				<local_matrix>0.993591 -0.0378347 -0.106513 0 0.0329221 0.998328 -0.0475089 0 0.108133 0.0436978 0.993175 0 1.94311 -0.00678384 0.0161704 1 </local_matrix>
				<parent>25</parent>
			</bone>
			<bone index="27">
				<name>Character1_LeftHandMiddle4</name>
				<offset_matrix>99.7398 1.77095 6.99017 0 -3.25133 97.5692 21.6729 0 -6.43643 -21.8437 97.3727 0 -60.0972 -117.427 -29.3784 1 </offset_matrix>
				<local_matrix>0.997605 0.0388336 0.0572356 0 0.057155 0.00318438 -0.99836 0 -0.0389521 0.99924 0.000957225 0 2.20139 0.0911025 0.0117274 1 </local_matrix>
				<parent>26</parent>
			</bone>
			<bone index="28">
				<name>Character1_LeftHandRing1</name>
				<offset_matrix>96.3079 24.3501 -11.4835 0 -19.6691 34.5147 -91.7708 0 -18.3828 90.6411 38.0298 0 -31.9699 -52.8139 116.625 1 </offset_matrix>
				<local_matrix>0.955243 -0.229704 0.186405 0 0.256049 0.957595 -0.132105 0 -0.148155 0.173921 0.973551 0 7.67927 -1.26262 -0.624612 1 </local_matrix>
				<parent>15</parent>
			</bone>
			<bone index="29">
				<name>Character1_LeftHandRing2</name>
				<offset_matrix>94.1331 24.0866 -23.6393 0 -30.4058 30.1335 -90.3741 0 -14.6447 92.2595 35.6892 0 -20.2337 -47.3503 122.003 1 </offset_matrix>
				<local_matrix>0.9933 -0.00847077 0.115245 0 0.00310446 0.998905 0.0466647 0 -0.115514 -0.0459943 0.99224 0 2.36827 -0.0754047 0.109832 1 </local_matrix>
				<parent>28</parent>
			</bone>
			<bone index="30">
				<name>Character1_LeftHandRing3</name>
				<offset_matrix>95.5961 24.739 -15.7922 0 -24.0814 35.3553 -90.3887 0 -16.7779 90.2109 39.7557 0 -30.2408 -53.987 117.459 1 </offset_matrix>
				<local_matrix>0.997665 0.00290077 -0.0682274 0 -0.00673569 0.998405 -0.0560452 0 0.067956 0.056374 0.996094 0 1.59075 0.0166584 -0.0860917 1 </local_matrix>
				<parent>29</parent>
			</bone>
			<bone index="31">
				<name>Character1_LeftHandRing4</name>
				<offset_matrix>96.2074 24.1414 -12.7028 0 -20.8152 34.8672 -91.384 0 -17.6322 90.5621 38.5699 0 -37.0212 -53.0109 116.87 1 </offset_matrix>
				<local_matrix>0.999412 0.00535306 -0.0338848 0 -0.00512713 0.999964 0.0067511 0 0.0339197 -0.00657339 0.999403 0 2.52267 -0.0115625 -0.238418 1 </local_matrix>
				<parent>30</parent>
			</bone>
			<bone index="32">
				<name>Character1_LeftHandPinky1</name>
				<offset_matrix>89.8408 40.1979 -17.6856 0 -33.5291 36.7748 -86.7377 0 -28.3629 83.8555 46.5167 0 -11.7101 -62.8184 114.18 1 </offset_matrix>
				<local_matrix>0.885548 -0.356574 0.297756 0 0.415235 0.894957 -0.163194 0 -0.208288 0.268155 0.940589 0 6.5753 -2.78357 -0.228362 1 </local_matrix>
				<parent>15</parent>
			</bone>
			<bone index="33">
				<name>Character1_LeftHandPinky2</name>
				<offset_matrix>88.5034 43.6173 -16.2691 0 -32.1301 31.943 -89.1477 0 -33.687 84.126 42.2849 0 -14.6216 -59.1069 116.02 1 </offset_matrix>
				<local_matrix>0.998395 -0.0448772 -0.0345349 0 0.0461544 0.998244 0.0371207 0 0.0328084 -0.0386551 0.998714 0 1.80969 0.0132801 -0.00144594 1 </local_matrix>
				<parent>32</parent>
			</bone>
			<bone index="34">
				<name>Character1_LeftHandPinky3</name>
				<offset_matrix>88.9556 43.688 -13.3514 0 -29.9953 33.8145 -89.2013 0 -34.4556 83.3543 43.1842 0 -18.8158 -61.3774 114.384 1 </offset_matrix>
				<local_matrix>0.999733 0.00232614 -0.023017 0 -0.00278816 0.999795 -0.0200616 0 0.0229656 0.0201204 0.999534 0 1.39108 0.000275661 0.0247778 1 </local_matrix>
				<parent>33</parent>
			</bone>
			<bone index="35">
				<name>Character1_LeftHandPinky4</name>
				<offset_matrix>88.7673 45.2735 -8.40725 0 -29.554 42.0133 -85.7989 0 -35.312 78.646 50.6742 0 -21.1835 -72.118 107.833 1 </offset_matrix>
				<local_matrix>0.999952 -0.00646927 -0.00738381 0 0.00573405 0.995405 -0.0955844 0 0.00796824 0.0955374 0.995394 0 1.92095 -0.0299242 -0.00233774 1 </local_matrix>
				<parent>34</parent>
			</bone>
			<bone index="36">
				<name>J_L_Sode_D00</name>
				<offset_matrix>97.4062 -16.4844 -15.5011 0 -19.6544 -95.5816 -21.8599 0 -11.2127 24.3395 -96.3424 0 -14.0977 115.841 30.1335 1 </offset_matrix>
				<local_matrix>0.975225 -0.114323 0.189388 0 -0.157311 0.243524 0.957053 0 -0.155534 -0.963134 0.219506 0 4.39551 0.271871 3.8988 1 </local_matrix>
				<parent>14</parent>
			</bone>
			<bone index="37">
				<name>J_L_Sode_D01</name>
				<offset_matrix>97.4062 -16.4844 -15.5011 0 -19.6544 -95.5816 -21.8599 0 -11.2127 24.3395 -96.3424 0 -28.5548 115.923 30.8734 1 </offset_matrix>
				<local_matrix>1 -3.1225e-17 4.16334e-17 0 -3.46945e-18 1 -8.32667e-17 0 -1.38778e-17 -5.55112e-17 1 0 14.4571 -0.0816515 -0.739907 1 </local_matrix>
				<parent>36</parent>
			</bone>
			<bone index="38">
				<name>J_L_Sode_A00</name>
				<offset_matrix>97.1912 -17.6948 15.5161 0 17.6947 11.4759 -97.7507 0 15.5162 97.7507 14.2846 0 -58.1055 -9.41243 109.433 1 </offset_matrix>
				<local_matrix>0.970933 0.153062 -0.184017 0 -0.175625 0.977923 -0.113238 0 0.162622 0.142264 0.976379 0 4.70452 3.60103 0.102944 1 </local_matrix>
				<parent>14</parent>
			</bone>
			<bone index="39">
				<name>J_L_Sode_A01</name>
				<offset_matrix>97.1912 -14.3094 -18.6841 0 17.6947 96.7754 17.9282 0 15.5162 -20.7308 96.5892 0 -72.9307 -106.811 -15.4348 1 </offset_matrix>
				<local_matrix>1 2.77556e-17 3.46945e-18 0 -2.08167e-17 -0.0662663 -0.997802 0 -5.55112e-17 0.997802 -0.0662663 0 14.8251 -1.08951 1.83422 1 </local_matrix>
				<parent>38</parent>
			</bone>
			<bone index="40">
				<name>J_L_Sode_B00</name>
				<offset_matrix>99.5579 -9.39147 -0.11173 0 9.39148 99.558 -1.53761e-06 0 0.111236 -0.0104884 99.9999 0 -48.8952 -118.141 1.03483 1 </offset_matrix>
				<local_matrix>0.994867 -0.00106014 -0.101195 0 -0.101194 0.000346008 -0.994867 0 0.00108972 1 0.000236951 0 4.4251 0.0252787 -3.77306 1 </local_matrix>
				<parent>14</parent>
			</bone>
			<bone index="41">
				<name>J_L_Sode_B01</name>
				<offset_matrix>99.5579 -9.39147 -0.11173 0 9.39148 99.558 -1.53761e-06 0 0.111236 -0.0104884 99.9999 0 -63.9825 -118.141 1.03483 1 </offset_matrix>
				<local_matrix>1 -1.7803e-17 0 0 7.45671e-18 1 4.06576e-20 0 0 2.71051e-20 1 0 15.0873 1.42109e-14 0 1 </local_matrix>
				<parent>40</parent>
			</bone>
			<bone index="42">
				<name>J_L_Sode_C00</name>
				<offset_matrix>96.2483 -26.6179 5.26648 0 -5.07621 1.40281 99.8612 0 -26.6549 -96.3821 -0.000993897 0 -31.5022 2.58291 -118.96 1 </offset_matrix>
				<local_matrix>0.96224 -0.268683 0.0436594 0 -0.268402 -0.963229 -0.0123012 0 0.0453591 0.000118451 -0.998972 0 4.139 -4.89102 1.27889 1 </local_matrix>
				<parent>14</parent>
			</bone>
			<bone index="43">
				<name>J_L_Sode_C01</name>
				<offset_matrix>96.2483 -26.6179 5.26648 0 -5.07621 1.40281 99.8612 0 -26.6549 -96.3821 -0.000993897 0 -47.7901 2.58291 -118.96 1 </offset_matrix>
				<local_matrix>1 5.55112e-17 5.35791e-18 0 -5.55112e-17 1 2.06676e-18 0 -2.00704e-18 6.26804e-18 1 0 16.2879 -2.09545e-07 1.60007e-07 1 </local_matrix>
				<parent>42</parent>
			</bone>
			<bone index="44">
				<name>Character1_RightShoulder</name>
				<offset_matrix>-100 -3.98729e-07 0.00220954 0 0.00220974 1.56769e-06 100 0 3.98772e-07 100 1.56767e-06 0 -4.21411 1.06038 -118.593 1 </offset_matrix>
				<local_matrix>0.00106645 0.0147905 -0.99989 0 -0.310475 0.950483 0.0137285 0 0.950581 0.310426 0.00560572 0 12.2455 -0.014977 -4.19937 1 </local_matrix>
				<parent>11</parent>
			</bone>
			<bone index="45">
				<name>Character1_RightArm</name>
				<offset_matrix>-99.9985 0.139109 -0.525463 0 -0.525463 0.000365517 99.9987 0 0.139109 99.9999 0.000368593 0 -9.13045 1.07352 -118.643 1 </offset_matrix>
				<local_matrix>0.999985 0.00139109 -0.00527673 0 -0.00139109 0.999999 3.67023e-06 0 0.00527673 3.67023e-06 0.999986 0 5.54374 -4.74622e-06 -9.96033e-05 1 </local_matrix>
				<parent>44</parent>
			</bone>
			<bone index="46">
				<name>Character1_RightForeArm</name>
				<offset_matrix>-99.9971 0.223106 -0.732665 0 -0.732609 0.025663 99.9974 0 0.223289 99.9998 -0.0240246 0 -32.2616 1.07052 -118.71 1 </offset_matrix>
				<local_matrix>0.999997 0.00084181 -0.0020715 0 -0.000841297 0.999999 0.000248558 0 0.00207171 -0.000246814 0.999998 0 23.3779 0.000864481 -0.000723299 1 </local_matrix>
				<parent>45</parent>
			</bone>
			<bone index="47">
				<name>Character1_RightHand</name>
				<offset_matrix>-98.4238 0.091403 -17.6847 0 -17.6843 0.347082 98.4234 0 0.151342 99.9994 -0.325444 0 -27.671 0.62511 -125.221 1 </offset_matrix>
				<local_matrix>0.985508 -0.000727862 -0.169628 0 0.00129344 0.999994 0.00322375 0 0.169624 -0.00339643 0.985503 0 16.248 -3.36338e-05 0.000183883 1 </local_matrix>
				<parent>46</parent>
			</bone>
			<bone index="48">
				<name>Character1_RightHandThumb1</name>
				<offset_matrix>-79.1522 -6.76015 -60.7389 0 -38.7003 82.4644 41.2544 0 47.2991 56.1599 -67.8886 0 3.8589 -100.978 -79.2225 1 </offset_matrix>
				<local_matrix>0.848202 0.470921 -0.242462 0 -0.0784468 0.564396 0.821769 0 0.523833 -0.678005 0.515664 0 2.63386 2.08612 -0.452689 1 </local_matrix>
				<parent>47</parent>
			</bone>
			<bone index="49">
				<name>Character1_RightHandThumb2</name>
				<offset_matrix>-80.4707 -10.7108 -58.3929 0 -37.8592 85.0221 36.5781 0 45.729 51.5417 -72.4729 0 -0.999281 -106.096 -72.4442 1 </offset_matrix>
				<local_matrix>0.999754 -0.000989786 0.0221375 0 -0.000471342 0.997826 0.0658998 0 -0.0221546 -0.0658941 0.99758 0 3.20295 0.112797 0.0602421 1 </local_matrix>
				<parent>48</parent>
			</bone>
			<bone index="50">
				<name>Character1_RightHandThumb3</name>
				<offset_matrix>-82.0794 -7.32784 -56.6504 0 -34.5757 85.3162 39.0601 0 45.4697 51.6476 -72.5607 0 -7.44746 -104.6 -74.3543 1 </offset_matrix>
				<local_matrix>0.999328 0.028303 0.0232837 0 -0.0278526 0.999423 -0.0194458 0 -0.0238207 0.0187842 0.99954 0 1.75863 0.0511327 0.0152196 1 </local_matrix>
				<parent>49</parent>
			</bone>
			<bone index="51">
				<name>Character1_RightHandThumb4</name>
				<offset_matrix>-81.1809 -7.18745 -57.9483 0 -23.0374 95.1321 20.4741 0 53.6558 29.9709 -78.8848 0 -23.2037 -114.932 -53.4437 1 </offset_matrix>
				<local_matrix>0.989952 0.140061 -0.0194212 0 -0.133655 0.971687 0.194833 0 0.0461599 -0.19028 0.980644 0 2.6288 0.158764 -0.00303342 1 </local_matrix>
				<parent>50</parent>
			</bone>
			<bone index="52">
				<name>Character1_RightHandIndex1</name>
				<offset_matrix>-99.5253 -1.80448 9.56288 0 -9.14535 -16.25 -98.2462 0 3.3268 -98.6544 16.0078 0 -46.2872 19.8269 122.5 1 </offset_matrix>
				<local_matrix>0.995789 0.0320406 0.0858882 0 0.0450043 -0.987118 -0.153536 0 0.0798624 0.156754 -0.984404 0 7.74589 2.47736 2.38774 1 </local_matrix>
				<parent>47</parent>
			</bone>
			<bone index="53">
				<name>Character1_RightHandIndex2</name>
				<offset_matrix>-98.6567 -2.36739 16.1633 0 -15.8246 -10.7096 -98.1576 0 4.0548 -99.3967 10.1911 0 -40.2316 13.1136 126.647 1 </offset_matrix>
				<local_matrix>0.997705 0.00351484 0.0676167 0 0.000288605 0.998422 -0.0561582 0 -0.0677074 0.0560488 0.996129 0 2.42331 -0.223004 -0.200852 1 </local_matrix>
				<parent>52</parent>
			</bone>
			<bone index="54">
				<name>Character1_RightHandIndex3</name>
				<offset_matrix>-99.1106 -2.13363 13.1353 0 -13.0715 -2.89614 -99.0998 0 2.49485 -99.9353 2.59148 0 -45.3572 3.94068 126.312 1 </offset_matrix>
				<local_matrix>0.999489 0.0126645 -0.0293464 0 -0.014889 0.99693 -0.0768662 0 0.0282828 0.0772639 0.99661 0 1.58862 0.000117422 -0.2642 1 </local_matrix>
				<parent>53</parent>
			</bone>
			<bone index="55">
				<name>Character1_RightHandIndex4</name>
				<offset_matrix>-99.5382 -1.74627 -9.43966 0 9.59568 -15.2017 -98.371 0 0.282839 -98.8224 15.299 0 -74.7609 18.93 111.168 1 </offset_matrix>
				<local_matrix>0.974056 0.0156322 -0.225766 0 0.0125237 0.992359 0.122744 0 0.22596 -0.122387 0.966418 0 2.10748 -0.0704122 -0.325405 1 </local_matrix>
				<parent>54</parent>
			</bone>
			<bone index="56">
				<name>Character1_RightHandMiddle1</name>
				<offset_matrix>-99.6566 7.23397 4.02813 0 -5.07882 -14.9847 -98.7405 0 -6.53925 -98.606 15.3006 0 -51.1954 21.4958 120.252 1 </offset_matrix>
				<local_matrix>0.989741 -0.0664792 0.126466 0 -0.0461924 -0.986507 -0.157068 0 0.135201 0.149615 -0.979457 0 7.73408 0.436004 2.41108 1 </local_matrix>
				<parent>47</parent>
			</bone>
			<bone index="57">
				<name>Character1_RightHandMiddle2</name>
				<offset_matrix>-98.844 9.24595 12.0156 0 -13.0428 -11.4511 -98.4824 0 -7.72971 -98.911 12.5247 0 -43.7644 18.5586 124.598 1 </offset_matrix>
				<local_matrix>0.996725 0.0242601 0.0771422 0 -0.0216458 0.999169 -0.0345468 0 -0.0779162 0.0327638 0.996421 0 2.5355 -0.0679808 0.116949 1 </local_matrix>
				<parent>56</parent>
			</bone>
			<bone index="58">
				<name>Character1_RightHandMiddle3</name>
				<offset_matrix>-97.5211 9.16048 20.1424 0 -21.1862 -12.3855 -96.9421 0 -6.38563 -98.8064 14.0193 0 -35.1912 19.6596 127.876 1 </offset_matrix>
				<local_matrix>0.996506 -0.00274621 0.0834708 0 0.00198253 0.999955 0.00923054 0 -0.0834925 -0.00903281 0.996467 0 1.94159 -0.0416648 -0.0704659 1 </local_matrix>
				<parent>57</parent>
			</bone>
			<bone index="59">
				<name>Character1_RightHandMiddle4</name>
				<offset_matrix>-99.1244 11.4177 6.63187 0 -8.51732 -16.9109 -98.1911 0 -10.0897 -97.8962 17.7353 0 -53.4703 26.546 121.246 1 </offset_matrix>
				<local_matrix>0.991161 0.0194387 -0.131236 0 -0.0130065 0.99868 0.0496927 0 0.132029 -0.0475465 0.990105 0 2.14376 -0.0471136 -0.506654 1 </local_matrix>
				<parent>58</parent>
			</bone>
			<bone index="60">
				<name>Character1_RightHandRing1</name>
				<offset_matrix>-91.7227 28.3879 27.9474 0 -37.7655 -39.6404 -83.6805 0 -12.6766 -87.3085 47.0801 0 -7.69133 61.2942 116.604 1 </offset_matrix>
				<local_matrix>0.969365 -0.128915 -0.209079 0 -0.210624 -0.874196 -0.437515 0 -0.126374 0.468149 -0.874566 0 7.43039 -1.37108 1.9656 1 </local_matrix>
				<parent>47</parent>
			</bone>
			<bone index="61">
				<name>Character1_RightHandRing2</name>
				<offset_matrix>-94.1269 30.4218 14.6502 0 -25.3159 -34.8729 -90.2386 0 -22.3433 -88.6477 40.5263 0 -26.4724 56.8197 116.648 1 </offset_matrix>
				<local_matrix>0.987289 0.0282221 -0.156409 0 -0.034963 0.998567 -0.0405149 0 0.155041 0.0454684 0.986861 0 2.34581 -0.000792415 -0.35079 1 </local_matrix>
				<parent>60</parent>
			</bone>
			<bone index="62">
				<name>Character1_RightHandRing3</name>
				<offset_matrix>-94.8156 25.2505 19.2978 0 -27.4738 -34.603 -89.7098 0 -15.9746 -90.3607 39.7463 0 -25.7395 53.4071 118.789 1 </offset_matrix>
				<local_matrix>0.997715 -0.0510265 0.0442731 0 0.0518196 0.998513 -0.016954 0 -0.0433422 0.0192094 0.998876 0 1.58936 -0.103253 0.0378129 1 </local_matrix>
				<parent>61</parent>
			</bone>
			<bone index="63">
				<name>Character1_RightHandRing4</name>
				<offset_matrix>-95.9347 26.2405 10.3905 0 -19.8864 -36.7262 -90.8611 0 -20.0264 -89.2336 40.4515 0 -38.0268 56.5738 114.861 1 </offset_matrix>
				<local_matrix>0.996238 0.00753152 -0.0863294 0 -0.00535312 0.999662 0.0254373 0 0.0864918 -0.0248795 0.995942 0 2.51263 -0.00348442 -0.327395 1 </local_matrix>
				<parent>62</parent>
			</bone>
			<bone index="64">
				<name>Character1_RightHandPinky1</name>
				<offset_matrix>-89.7711 40.5702 17.1811 0 -33.767 -38.3059 -85.9795 0 -28.3007 -82.9863 48.087 0 -11.3876 64.8701 113.06 1 </offset_matrix>
				<local_matrix>0.942848 -0.284997 -0.172666 0 -0.332822 -0.830816 -0.446066 0 -0.0163262 0.47804 -0.878187 0 6.50189 -2.77216 1.03663 1 </local_matrix>
				<parent>47</parent>
			</bone>
			<bone index="65">
				<name>Character1_RightHandPinky2</name>
				<offset_matrix>-89.6846 43.5329 7.84527 0 -27.8168 -41.7143 -86.5226 0 -34.3932 -79.7797 49.5208 0 -20.405 70.7362 108.388 1 </offset_matrix>
				<local_matrix>0.996374 0.0281183 -0.0803075 0 -0.0241623 0.998466 0.0498145 0 0.081585 -0.0476934 0.995525 0 1.80977 -0.0144284 -0.00528021 1 </local_matrix>
				<parent>64</parent>
			</bone>
			<bone index="66">
				<name>Character1_RightHandPinky3</name>
				<offset_matrix>-89.396 43.9302 8.85896 0 -30.3028 -44.6914 -84.169 0 -33.0164 -77.9283 53.2645 0 -18.6467 74.518 106.321 1 </offset_matrix>
				<local_matrix>0.999592 0.000642378 0.0285542 0 -0.00164887 0.999378 0.0352391 0 -0.0285138 -0.0352718 0.998971 0 1.38856 0.0266962 0.0828123 1 </local_matrix>
				<parent>65</parent>
			</bone>
			<bone index="67">
				<name>Character1_RightHandPinky4</name>
				<offset_matrix>-87.9333 46.822 8.68507 0 -30.4206 -41.1988 -85.891 0 -36.6378 -78.1688 50.471 0 -19.7403 72.1323 108.097 1 </offset_matrix>
				<local_matrix>0.999236 0.0351727 -0.0170021 0 -0.0356416 0.998969 -0.0281164 0 0.0159956 0.0287009 0.99946 0 1.92031 0.0518658 -0.0249983 1 </local_matrix>
				<parent>66</parent>
			</bone>
			<bone index="68">
				<name>J_R_Sode_A00</name>
				<offset_matrix>-98.1964 18.905 -0.277318 0 -0.00195951 1.45657 99.9894 0 18.9071 98.1859 -1.42992 0 -37.6323 2.89009 -118.389 1 </offset_matrix>
				<local_matrix>0.982357 0.186879 0.00712947 0 -0.186959 0.982283 0.0129442 0 -0.00458415 -0.0140488 0.999891 0 4.70435 3.60111 -0.102966 1 </local_matrix>
				<parent>46</parent>
			</bone>
			<bone index="69">
				<name>J_R_Sode_A01</name>
				<offset_matrix>-98.1964 18.905 -0.277318 0 -0.00195951 1.45657 99.9894 0 18.9071 98.1859 -1.42992 0 -52.5331 4.22333 -119.113 1 </offset_matrix>
				<local_matrix>1 -2.77556e-17 -8.67362e-19 0 2.77556e-17 1 -3.46945e-18 0 -4.33681e-19 1.73472e-18 1 0 14.9008 -1.33324 0.724475 1 </local_matrix>
				<parent>68</parent>
			</bone>
			<bone index="70">
				<name>J_R_Sode_B00</name>
				<offset_matrix>-98.9384 14.532 -0.115636 0 14.532 98.9385 -0.00120577 0 0.114235 -0.0179943 -99.9999 0 -54.9448 -115.451 -1.03467 1 </offset_matrix>
				<local_matrix>0.988293 -0.00102775 0.152565 0 -0.152565 0.000398152 0.988294 0 -0.00107646 -1 0.000236692 0 4.42499 0.0253443 3.77297 1 </local_matrix>
				<parent>46</parent>
			</bone>
			<bone index="71">
				<name>J_R_Sode_B01</name>
				<offset_matrix>-98.9384 14.532 -0.115636 0 14.532 98.9385 -0.00120577 0 0.114235 -0.0179943 -99.9999 0 -70.0118 -114.67 -1.03467 1 </offset_matrix>
				<local_matrix>1 8.00563e-18 0 0 4.44572e-17 1 2.71051e-20 0 -2.1684e-19 0 1 0 15.0671 -0.781177 1.28411e-07 1 </local_matrix>
				<parent>70</parent>
			</bone>
			<bone index="72">
				<name>J_R_Sode_D00</name>
				<offset_matrix>-98.1621 18.0134 -6.30217 0 -17.9765 -98.3642 -1.15359 0 -6.40689 0.0005155 99.7946 0 -16.2673 119.421 -0.298042 1 </offset_matrix>
				<local_matrix>0.982766 -0.0663049 -0.172552 0 -0.172923 0.000154646 -0.984936 0 0.0653327 0.9978 -0.0113136 0 4.39539 0.270832 -3.89822 1 </local_matrix>
				<parent>46</parent>
			</bone>
			<bone index="73">
				<name>J_R_Sode_D01</name>
				<offset_matrix>-98.1621 18.0134 -6.30217 0 -17.9765 -98.3642 -1.15359 0 -6.40689 0.0005155 99.7946 0 -30.7437 119.421 -0.298042 1 </offset_matrix>
				<local_matrix>1 -7.70451e-18 -1.38778e-17 0 -5.09145e-17 1 3.83706e-19 0 -1.38778e-17 1.54075e-18 1 0 14.4763 1.16323e-06 -6.06251e-07 1 </local_matrix>
				<parent>72</parent>
			</bone>
			<bone index="74">
				<name>J_R_Sode_C00</name>
				<offset_matrix>-96.2485 26.6178 5.26389 0 -5.07373 1.40211 -99.8614 0 -26.6548 -96.3822 0.00100172 0 -31.5053 2.58372 118.959 1 </offset_matrix>
				<local_matrix>0.962234 -0.268707 -0.04362 0 -0.268426 -0.963222 0.0123021 0 -0.0453215 -0.000128785 -0.998973 0 4.13879 -4.89117 -1.2787 1 </local_matrix>
				<parent>46</parent>
			</bone>
			<bone index="75">
				<name>J_R_Sode_C01</name>
				<offset_matrix>-96.2485 26.6178 5.26389 0 -5.07373 1.40211 -99.8614 0 -26.6548 -96.3822 0.00100172 0 -47.7932 2.58372 118.959 1 </offset_matrix>
				<local_matrix>1 0 -1.00797e-19 0 5.55112e-17 1 5.59042e-20 0 1.49645e-17 2.50214e-18 1 0 16.2879 2.79593e-06 3.7488e-07 1 </local_matrix>
				<parent>74</parent>
			</bone>
			<bone index="76">
				<name>Character1_Neck</name>
				<offset_matrix>-1.17394e-07 -3.93857e-07 100 0 99.8991 -4.49185 -9.94737e-08 0 4.49186 99.8991 -3.98734e-07 0 -121.969 6.75273 3.5194e-06 1 </offset_matrix>
				<local_matrix>0.935676 0.352807 0.00619466 0 -0.35286 0.93558 0.0134639 0 -0.00104544 -0.0147837 0.99989 0 15.6851 0.829848 0.0286695 1 </local_matrix>
				<parent>11</parent>
			</bone>
			<bone index="77">
				<name>Character1_Head</name>
				<offset_matrix>-1.57021 4.16038 99.9011 0 99.0548 13.6814 0.987142 0 -13.6268 98.9723 -4.33588 0 -128.946 -16.328 -1.34674 1 </offset_matrix>
				<local_matrix>0.983427 -0.180625 -0.0157021 0 0.181133 0.982578 0.0416038 0 0.00791384 -0.0437584 0.999011 0 7.80833 -0.553454 -1.5871e-07 1 </local_matrix>
				<parent>76</parent>
			</bone>
			<bone index="78">
				<name>J_L_HairSide_00</name>
				<offset_matrix>31.2297 5.95561 -94.8115 0 -93.1332 -17.7608 -31.7925 0 -18.7327 98.2298 -4.30016e-06 0 129.277 19.3586 52.8733 1 </offset_matrix>
				<local_matrix>-0.901906 -0.299829 0.310917 0 -0.31072 0.950381 0.0151527 0 -0.300033 -0.082942 -0.950317 0 9.52886 8.42038 8.41182 1 </local_matrix>
				<parent>77</parent>
			</bone>
			<bone index="79">
				<name>J_L_HairSide_01</name>
				<offset_matrix>22.2567 3.95742 -97.4114 0 -95.9071 -17.053 -22.6058 0 -17.5062 98.4558 -2.35926e-06 0 126.728 18.6187 40.8496 1 </offset_matrix>
				<local_matrix>0.995514 0.0116307 0.0938939 0 -0.013255 0.999773 0.0166951 0 -0.0936784 -0.0178648 0.995442 0 7.1907 -7.10543e-15 -7.10543e-15 1 </local_matrix>
				<parent>78</parent>
			</bone>
			<bone index="80">
				<name>J_L_HairSide_02</name>
				<offset_matrix>25.0028 84.8902 -46.5673 0 -95.7959 28.6781 0.844442 0 14.0715 44.3985 88.4916 0 118.347 -48.1774 2.39684 1 </offset_matrix>
				<local_matrix>0.949765 0.311798 -0.0270013 0 -0.163831 0.421818 -0.891756 0 -0.266658 0.851382 0.45171 0 7.07324 7.10543e-15 -7.10543e-15 1 </local_matrix>
				<parent>79</parent>
			</bone>
			<bone index="81">
				<name>J_R_HairSide_00</name>
				<offset_matrix>-31.2291 -5.95542 -94.8118 0 -93.1334 -17.7606 31.7919 0 -18.7325 98.2298 2.40886e-06 0 129.278 19.3584 -52.8724 1 </offset_matrix>
				<local_matrix>-0.892101 -0.325813 -0.313054 0 -0.308849 0.945426 -0.10384 0 0.329802 0.00405061 -0.944042 0 9.79904 7.70445 -8.77954 1 </local_matrix>
				<parent>77</parent>
			</bone>
			<bone index="82">
				<name>J_R_HairSide_01</name>
				<offset_matrix>-22.2563 -3.95722 -97.4114 0 -95.9073 -17.0525 22.6054 0 -17.5056 98.4559 2.09327e-06 0 126.729 18.6179 -40.8491 1 </offset_matrix>
				<local_matrix>0.995514 0.0116346 -0.0938913 0 -0.0132589 0.999773 -0.016694 0 0.0936757 0.0178641 0.995442 0 7.19076 0 7.10543e-15 1 </local_matrix>
				<parent>81</parent>
			</bone>
			<bone index="83">
				<name>J_R_HairSide_02</name>
				<offset_matrix>100 -4.15515e-05 9.64904e-06 0 -4.11506e-05 -100 -3.4322e-05 0 8.24955e-06 3.1223e-05 -100 0 12.4241 127.167 2.61598 1 </offset_matrix>
				<local_matrix>-0.222563 -0.039572 -0.974115 0 0.959073 0.170525 -0.226054 0 0.175057 -0.984558 -1.71873e-07 0 7.0735 3.55271e-15 -1.42109e-14 1 </local_matrix>
				<parent>82</parent>
			</bone>
			<bone index="84">
				<name>J_L_HairFront_00</name>
				<offset_matrix>-3.83997 12.028 -99.1997 0 -97.2151 22.5179 6.49345 0 23.1187 96.6865 10.8283 0 137.411 -39.8821 -9.94333 1 </offset_matrix>
				<local_matrix>-0.993863 0.0942096 -0.0579823 0 0.089409 0.99274 0.0804615 0 0.0651416 0.0747835 -0.99507 0 11.8353 11.0627 -0.0646827 1 </local_matrix>
				<parent>77</parent>
			</bone>
			<bone index="85">
				<name>J_L_HairFront_01</name>
				<offset_matrix>-27.2785 -0.988507 -96.2024 0 -95.548 11.9669 26.97 0 11.2458 99.2765 -4.20888 0 127.656 -25.8528 -35.8363 1 </offset_matrix>
				<local_matrix>0.965344 -0.139233 0.220736 0 0.113558 0.985627 0.125076 0 -0.234978 -0.0956753 0.967281 0 8.69359 -0.0555933 -0.224345 1 </local_matrix>
				<parent>84</parent>
			</bone>
			<bone index="86">
				<name>J_R_HairFront_00</name>
				<offset_matrix>-14.6089 -26.324 -95.3605 0 -92.9971 36.5268 4.16375 0 33.7361 89.2908 -29.8167 0 130.487 -59.4243 -4.06419 1 </offset_matrix>
				<local_matrix>-0.964858 0.200583 -0.169753 0 0.244274 0.922754 -0.298089 0 0.0968483 -0.32908 -0.939323 0 11.8647 10.9953 -0.727659 1 </local_matrix>
				<parent>77</parent>
			</bone>
			<bone index="87">
				<name>J_R_HairFront_01</name>
				<offset_matrix>-11.9821 -16.6845 -97.8675 0 -93.7997 34.2003 5.6536 0 32.5277 92.4769 -19.7479 0 125.458 -56.4232 -6.99836 1 </offset_matrix>
				<local_matrix>0.99955 -0.020636 -0.0217808 0 0.0183021 0.994576 -0.102392 0 0.0237756 0.101947 0.994506 0 6.28383 -0.00474526 -0.148962 1 </local_matrix>
				<parent>86</parent>
			</bone>
			<bone index="88">
				<name>J_L_HeadRibbon_00</name>
				<offset_matrix>33.6813 32.3753 88.4161 0 63.7432 61.2716 -46.7182 0 -69.2991 72.0946 -4.04758e-06 0 -93.1245 -96.125 65.8915 1 </offset_matrix>
				<local_matrix>0.720552 -0.584647 0.37282 0 0.503599 0.810835 0.298222 0 -0.476649 -0.0271327 0.878675 0 17.9708 8.95638 4.1412 1 </local_matrix>
				<parent>77</parent>
			</bone>
			<bone index="89">
				<name>J_L_HeadRibbon_01</name>
				<offset_matrix>41.2849 80.071 -43.4072 0 -19.8924 -38.5809 -90.0878 0 -88.8811 45.8274 9.96018e-06 0 26.7961 54.431 142.231 1 </offset_matrix>
				<local_matrix>0.62819 -0.629008 0.457959 0 -0.293817 0.353232 0.8882 0 -0.72045 -0.692515 0.0370837 0 8.50533 -1.42109e-14 2.84217e-14 1 </local_matrix>
				<parent>88</parent>
			</bone>
			<bone index="90">
				<name>J_L_HeadRibbon_02</name>
				<offset_matrix>23.4277 -12.2718 96.4393 0 4.13253 99.2361 11.6238 0 -97.1291 1.2622 23.7559 0 -22.6298 -148.723 -26.8489 1 </offset_matrix>
				<local_matrix>0.951795 -0.273473 -0.138922 0 -0.259287 -0.475338 -0.840728 0 0.163881 0.836221 -0.523333 0 14.173 0 2.84217e-14 1 </local_matrix>
				<parent>89</parent>
			</bone>
			<bone index="91">
				<name>J_R_HeadRibbon_00</name>
				<offset_matrix>-33.6802 -32.3722 88.4177 0 63.7463 61.2707 46.7152 0 -69.2969 72.0967 5.81094e-06 0 -93.1288 -96.1234 -65.8869 1 </offset_matrix>
				<local_matrix>0.731156 -0.612646 -0.30013 0 0.513754 0.783917 -0.348614 0 0.448853 0.100698 0.887914 0 18.1032 8.60457 -4.30552 1 </local_matrix>
				<parent>77</parent>
			</bone>
			<bone index="92">
				<name>J_R_HeadRibbon_01</name>
				<offset_matrix>-41.2849 -80.0732 -43.4031 0 -19.8901 -38.5774 90.0898 0 -88.8816 45.8264 -1.00853e-05 0 26.7926 54.4256 -142.234 1 </offset_matrix>
				<local_matrix>0.628178 -0.629027 -0.457949 0 -0.293791 0.353242 -0.888204 0 0.720471 0.692492 0.037096 0 8.50559 -1.42109e-14 -1.42109e-14 1 </local_matrix>
				<parent>91</parent>
			</bone>
			<bone index="93">
				<name>J_R_HeadRibbon_02</name>
				<offset_matrix>100 -5.56374e-05 -9.10923e-07 0 -3.94649e-05 -100 -2.89539e-05 0 9.36531e-06 3.65461e-05 -100 0 12.9436 151.644 -13.7247 1 </offset_matrix>
				<local_matrix>-0.412849 -0.800732 -0.434032 0 0.198901 0.385775 -0.900898 0 0.888816 -0.458264 -2.69038e-07 0 14.1729 -1.42109e-14 2.84217e-14 1 </local_matrix>
				<parent>92</parent>
			</bone>
			<bone index="94">
				<name>J_L_HairTail_00</name>
				<offset_matrix>18.8011 -4.49136 98.1139 0 -95.4287 22.7968 19.3301 0 -23.2351 -97.2632 3.01814e-06 0 122.966 -38.4933 -31.6538 1 </offset_matrix>
				<local_matrix>-0.916558 -0.352701 0.188479 0 0.359058 -0.933316 -0.000446682 0 0.176068 0.0672655 0.982078 0 3.1544 -6.75483 6.54603 1 </local_matrix>
				<parent>77</parent>
			</bone>
			<bone index="95">
				<name>J_L_HairTail_01</name>
				<offset_matrix>18.9285 -4.41233 98.093 0 -95.5318 22.2689 19.436 0 -22.7018 -97.389 1.46792e-06 0 111.544 -37.8747 -31.7804 1 </offset_matrix>
				<local_matrix>0.999984 -0.00547881 0.00105144 0 0.00547907 0.999985 -0.000245111 0 -0.00105008 0.000250868 0.999999 0 11.5977 1.42109e-14 3.55271e-15 1 </local_matrix>
				<parent>94</parent>
			</bone>
			<bone index="96">
				<name>J_L_HairTail_02</name>
				<offset_matrix>23.0727 -4.42239 97.2013 0 -95.4635 18.2976 23.4927 0 -18.8245 -98.2122 1.56319e-06 0 97.9285 -33.7004 -36.0689 1 </offset_matrix>
				<local_matrix>0.998389 -0.0394375 0.0407845 0 0.039788 0.999178 -0.00781722 0 -0.0404427 0.00942737 0.999137 0 13.6558 -2.20268e-13 3.55271e-14 1 </local_matrix>
				<parent>95</parent>
			</bone>
			<bone index="97">
				<name>J_L_HairTail_03</name>
				<offset_matrix>16.6122 -2.36007 98.5823 0 -97.6022 13.8662 16.779 0 -14.0656 -99.0058 1.41209e-06 0 88.4641 -29.8939 -29.8512 1 </offset_matrix>
				<local_matrix>0.996552 -0.0477938 -0.0678219 0 0.0485561 0.998774 0.00963537 0 0.0672782 -0.0128953 0.997651 0 13.2293 7.10543e-15 -7.10543e-15 1 </local_matrix>
				<parent>96</parent>
			</bone>
			<bone index="98">
				<name>J_L_HairTail_04</name>
				<offset_matrix>-2.70559 0.0628059 99.9633 0 -99.9364 2.31992 -2.70631 0 -2.32078 -99.9731 9.46916e-07 0 82.0201 -20.9972 -14.0841 1 </offset_matrix>
				<local_matrix>0.974172 -0.114959 -0.194356 0 0.11808 0.992994 0.00451177 0 0.192475 -0.0273447 0.980921 0 13.7526 -7.10543e-15 -7.10543e-15 1 </local_matrix>
				<parent>97</parent>
			</bone>
			<bone index="99">
				<name>J_L_HairTail_05</name>
				<offset_matrix>-5.43345 -0.230748 99.8519 0 -99.762 -4.23666 -5.43834 0 4.24294 -99.9099 8.78623e-07 0 69.0139 -16.5135 -12.2227 1 </offset_matrix>
