<?xml version="1.0"?>
<model>
	<skeleton>
		<num_bones>140</num_bones>
		<bones_array>
			<bone index="0">
				<name>Character1_Hips</name>
				<offset_matrix>0.00355244 -5.05319e-16 0.999994 0 0.999994 1.79512e-18 -0.00355244 0 0 1 5.05322e-16 0 -86.8577 -1.18269 0.308558 1 </offset_matrix>
				<local_matrix>0.00355244 0.999993 0 0 -5.05318e-16 1.79512e-18 0.999999 0 0.999993 -0.00355244 5.05321e-16 0 0 86.8582 1.18269 1 </local_matrix>
				<parent>-1</parent>
			</bone>
			<bone index="1">
				<name>Character1_LeftUpLeg</name>
				<offset_matrix>-0.0372068 3.25143e-05 -0.999308 0 -0.999069 -0.0218747 0.0371972 0 -0.0218584 0.999761 0.000846372 0 81.0263 0.377011 4.26507 1 </offset_matrix>
				<local_matrix>-0.999195 -0.0218584 -0.0336574 0 -0.0218745 0.999761 0.000110223 0 0.033647 0.000846372 -0.999434 0 -6.03192 0.207883 7.29831 1 </local_matrix>
				<parent>0</parent>
			</bone>
			<bone index="2">
				<name>Character1_LeftLeg</name>
				<offset_matrix>-0.0371893 -0.00121653 -0.999308 0 -0.997756 -0.0556874 0.0371994 0 -0.0556941 0.998448 0.000857179 0 45.7803 2.72899 3.75043 1 </offset_matrix>
				<local_matrix>0.999426 -0.0338563 2.7437e-06 0 0.0338563 0.999426 -1.06698e-05 0 -2.38089e-06 1.07565e-05 0.999999 0 35.1799 -0.800501 0.514541 1 </local_matrix>
				<parent>1</parent>
			</bone>
			<bone index="3">
				<name>Character1_LeftFoot</name>
				<offset_matrix>-0.0326132 0.0179153 -0.999308 0 -0.886548 0.461142 0.0372003 0 0.461488 0.887147 0.000843465 0 8.00311 -2.01965 4.12816 1 </offset_matrix>
				<local_matrix>0.860067 0.510181 7.21138e-06 0 -0.510181 0.860067 1.17067e-05 0 -2.29717e-07 -1.37477e-05 1 0 37.8667 0.383049 -0.377766 1 </local_matrix>
				<parent>2</parent>
			</bone>
			<bone index="4">
				<name>Character1_LeftToeBase</name>
				<offset_matrix>0.000951452 0.0927283 -0.995692 0 5.02535e-06 0.995693 0.0927283 0 1 -9.29436e-05 0.000946904 0 -6.22174 -3.00252 4.3594 1 </offset_matrix>
				<local_matrix>0.461453 0.887165 -0.000107142 0 -0.885794 0.460733 -0.055624 0 -0.0492983 0.0257628 0.998452 0 8.42944 4.77111 -0.392164 1 </local_matrix>
				<parent>3</parent>
			</bone>
			<bone index="5">
				<name>Character1_RightUpLeg</name>
				<offset_matrix>-2.86226e-06 -1.26958e-05 -1 0 -0.999749 -0.0224103 3.14485e-06 0 -0.0224103 0.999749 -1.26285e-05 0 80.8113 0.420448 -7.27707 1 </offset_matrix>
				<local_matrix>-0.999743 -0.0224102 0.00354868 0 -0.0224102 0.999749 6.69153e-05 0 -0.00354929 -1.26285e-05 -0.999994 0 -6.08358 0.207878 -7.25527 1 </local_matrix>
				<parent>0</parent>
			</bone>
			<bone index="6">
				<name>Character1_RightLeg</name>
				<offset_matrix>-2.44329e-06 -1.49078e-07 -1 0 -0.998472 -0.0552689 2.44659e-06 0 -0.0552689 0.998472 -1.38143e-08 0 45.6101 2.72204 -5.45375 1 </offset_matrix>
				<local_matrix>0.999459 -0.032879 -2.11758e-22 0 0.032879 0.999459 -1.2634e-05 0 4.15393e-07 1.26272e-05 1 0 35.1364 -0.800434 -1.82328 1 </local_matrix>
				<parent>5</parent>
			</bone>
			<bone index="7">
				<name>Character1_RightFoot</name>
				<offset_matrix>-1.09857e-09 5.74743e-10 -1 0 -0.887167 0.46145 3.14608e-11 0 0.46145 0.887167 4.19458e-13 0 7.86472 -1.94104 -4.42237 1 </offset_matrix>
				<local_matrix>0.860306 0.509777 -2.17687e-06 0 -0.509777 0.860306 1.1167e-06 0 2.44205e-06 1.49012e-07 1 0 37.8545 0.382683 -1.03136 1 </local_matrix>
				<parent>6</parent>
			</bone>
			<bone index="8">
				<name>Character1_RightToeBase</name>
				<offset_matrix>0.00011902 -4.91058e-08 -1 0 -6.47838e-07 1 -5.03913e-08 0 1 8.16974e-07 0.00011902 0 -6.21458 -2.58525 -4.62556 1 </offset_matrix>
				<local_matrix>0.46145 0.887166 -0.00011902 0 -0.887166 0.46145 5.03456e-08 0 5.49666e-05 0.000105568 1 0 8.43914 4.76578 0.202449 1 </local_matrix>
				<parent>7</parent>
			</bone>
			<bone index="9">
				<name>Character1_Spine</name>
				<offset_matrix>6.01699e-10 -5.16075e-11 1 0 0.996343 -0.0854546 6.03914e-10 0 0.0854547 0.996343 8.12481e-16 0 -88.9745 5.62301 1.05617e-06 1 </offset_matrix>
				<local_matrix>0.996336 0.0854546 -0.00353944 0 -0.0854541 0.996342 0.000303572 0 0.00355244 3.07271e-16 0.999994 0 2.27133 0.81815 -0.00806993 1 </local_matrix>
				<parent>0</parent>
			</bone>
			<bone index="10">
				<name>Character1_Spine1</name>
				<offset_matrix>6.03858e-10 7.74357e-12 1 0 0.999918 0.0128238 6.03914e-10 0 -0.0128238 0.999918 8.12481e-16 0 -98.1695 -4.21553 1.74534e-06 1 </offset_matrix>
				<local_matrix>0.995165 -0.0982245 2.47818e-26 0 0.0982244 0.995165 -1.08014e-26 0 3.21352e-25 -3.48823e-26 1 0 9.13435 0.175515 -6.89173e-07 1 </local_matrix>
				<parent>9</parent>
			</bone>
			<bone index="11">
				<name>Character1_Spine2</name>
				<offset_matrix>-0.00104544 -0.0147837 0.99989 0 0.950582 0.310426 0.00558363 0 -0.310475 0.950483 0.0137285 0 -100.821 -35.8838 -0.635963 1 </offset_matrix>
				<local_matrix>0.954484 -0.298259 -0.00104544 0 0.298212 0.954385 -0.0147837 0 0.00540711 0.013799 0.99989 0 8.76668 -0.030447 -1.85697e-06 1 </local_matrix>
				<parent>10</parent>
			</bone>
			<bone index="12">
				<name>Character1_LeftShoulder</name>
				<offset_matrix>1 -3.98736e-09 2.20974e-05 0 2.20954e-05 1.56768e-08 -1 0 -3.98696e-09 1 -1.5677e-08 0 -4.2141 1.06038 118.593 1 </offset_matrix>
				<local_matrix>-0.00102444 -0.0147768 0.99989 0 -0.310475 0.950483 0.0137285 0 -0.950582 -0.310427 -0.00556153 0 12.2367 -0.139499 4.22268 1 </local_matrix>
				<parent>11</parent>
			</bone>
			<bone index="13">
				<name>Character1_LeftArm</name>
				<offset_matrix>0.999986 -0.00139109 -0.00525463 0 -0.00525464 3.65517e-06 -0.999987 0 0.00139109 0.999999 -3.68589e-06 0 -9.1304 1.07352 118.643 1 </offset_matrix>
				<local_matrix>0.999985 0.00139109 0.00527673 0 -0.00139109 0.999999 -3.67023e-06 0 -0.00527673 -3.67023e-06 0.999986 0 5.5437 -4.79052e-06 9.19836e-05 1 </local_matrix>
				<parent>12</parent>
			</bone>
			<bone index="14">
				<name>Character1_LeftForeArm</name>
				<offset_matrix>0.999971 -0.00220525 -0.0073149 0 -0.00731437 0.0002449 -0.999974 0 0.00220698 0.999998 0.000228731 0 -32.2628 1.07107 118.709 1 </offset_matrix>
				<local_matrix>0.999998 0.000815902 0.00205978 0 -0.000815415 1 -0.000236963 0 -0.00205997 0.000235283 0.999998 0 23.3778 0.000846294 0.000632686 1 </local_matrix>
				<parent>13</parent>
			</bone>
			<bone index="15">
				<name>Character1_LeftHand</name>
				<offset_matrix>0.999336 -0.00801998 0.0355571 0 0.0364501 0.216083 -0.975695 0 0.000141758 0.976342 0.216232 0 -53.6612 -24.2099 113.933 1 </offset_matrix>
				<local_matrix>0.99904 -0.00205309 -0.0437591 0 -0.00744548 0.97641 -0.215795 0 0.0431699 0.215914 0.975458 0 16.2482 -3.00635e-05 1.30688e-05 1 </local_matrix>
				<parent>14</parent>
			</bone>
			<bone index="16">
				<name>Character1_LeftHandThumb1</name>
				<offset_matrix>0.777576 -0.116757 0.617854 0 -0.304025 -0.929929 0.206888 0 0.550405 -0.348714 -0.758587 0 -5.24782 115.66 -55.5245 1 </offset_matrix>
				<local_matrix>0.766055 0.465452 0.443298 0 -0.150625 -0.540469 0.827771 0 0.624877 -0.70089 -0.34392 0 2.47607 1.82664 1.4236 1 </local_matrix>
				<parent>15</parent>
			</bone>
			<bone index="17">
				<name>Character1_LeftHandThumb2</name>
				<offset_matrix>0.794091 -0.210283 0.570264 0 -0.396824 -0.89005 0.224373 0 0.460382 -0.404467 -0.790225 0 1.67392 116.066 -55.0338 1 </offset_matrix>
				<local_matrix>0.991506 0.11576 0.0592951 0 -0.115534 0.993277 -0.00724172 0 -0.0597348 0.000329612 0.998214 0 3.21455 0.198593 0.152296 1 </local_matrix>
				<parent>16</parent>
			</bone>
			<bone index="18">
				<name>Character1_LeftHandThumb3</name>
				<offset_matrix>0.824027 -0.149584 0.546448 0 -0.322827 -0.916587 0.235907 0 0.465579 -0.370802 -0.803581 0 -10.3361 115.726 -54.9989 1 </offset_matrix>
				<local_matrix>0.996801 -0.0742581 0.0295672 0 0.0742297 0.997239 0.0020576 0 -0.0296384 0.000143746 0.999561 0 1.75661 -0.100338 0.0084736 1 </local_matrix>
				<parent>17</parent>
			</bone>
			<bone index="19">
				<name>Character1_LeftHandThumb4</name>
				<offset_matrix>0.819721 -0.134801 0.556674 0 -0.278611 -0.94302 0.181908 0 0.500434 -0.304209 -0.81057 0 -17.9681 117.698 -49.2941 1 </offset_matrix>
				<local_matrix>0.998406 -0.0528077 -0.0199304 0 0.051719 0.997324 -0.0516701 0 0.0226057 0.0505569 0.998465 0 2.63044 -0.114386 -0.0570866 1 </local_matrix>
				<parent>18</parent>
			</bone>
			<bone index="20">
				<name>Character1_LeftHandIndex1</name>
				<offset_matrix>0.998963 -0.00731428 -0.0449529 0 -0.0448877 0.00885311 -0.998953 0 0.00770459 0.999934 0.00851553 0 -52.0192 -2.126 121.784 1 </offset_matrix>
				<local_matrix>0.996663 -0.0101888 0.0809827 0 -0.00684497 0.978249 0.207319 0 -0.0813336 -0.207182 0.974915 0 8.07495 2.57134 -0.142828 1 </local_matrix>
				<parent>15</parent>
			</bone>
			<bone index="21">
				<name>Character1_LeftHandIndex2</name>
				<offset_matrix>0.999595 -0.0158543 -0.0236825 0 -0.0236125 0.00458758 -0.999711 0 0.0159583 0.999864 0.00421129 0 -57.0368 -1.35635 120.728 1 </offset_matrix>
				<local_matrix>0.999739 0.00843692 -0.0212109 0 -0.00834019 0.999954 0.00464436 0 0.0212492 -0.00446625 0.999764 0 2.42604 0.250706 -0.11866 1 </local_matrix>
				<parent>20</parent>
			</bone>
			<bone index="22">
				<name>Character1_LeftHandIndex3</name>
				<offset_matrix>0.994974 -0.00643275 0.0999392 0 0.0999376 -0.000554335 -0.994994 0 0.00645595 0.99998 9.12525e-05 0 -73.0923 -1.3337 112.62 1 </offset_matrix>
				<local_matrix>0.992312 -0.00886103 -0.123445 0 0.00954094 0.999942 0.00491779 0 0.123394 -0.00605776 0.992339 0 1.60969 0.0118217 -0.0458336 1 </local_matrix>
				<parent>21</parent>
			</bone>
			<bone index="23">
				<name>Character1_LeftHandIndex4</name>
				<offset_matrix>0.993174 -0.10085 0.0586186 0 0.0991815 0.994597 0.0307145 0 -0.0613993 -0.0246909 0.997809 0 -74.883 -112.304 -9.30074 1 </offset_matrix>
				<local_matrix>0.997696 -0.0678418 0.000566328 0 -0.00110482 -0.024593 -0.999696 0 0.0678351 0.997392 -0.0246113 0 2.12499 0.100699 0.163699 1 </local_matrix>
				<parent>22</parent>
			</bone>
			<bone index="24">
				<name>Character1_LeftHandMiddle1</name>
				<offset_matrix>0.993064 0.100348 0.0612749 0 0.050362 0.107888 -0.992887 0 -0.106245 0.989086 0.102086 0 -63.09 -18.0934 115.047 1 </offset_matrix>
				<local_matrix>0.994224 -0.100814 -0.036801 0 0.104354 0.988194 0.112174 0 0.0250579 -0.115366 0.993007 0 8.06962 0.582166 -0.602125 1 </local_matrix>
				<parent>15</parent>
			</bone>
			<bone index="25">
				<name>Character1_LeftHandMiddle2</name>
				<offset_matrix>0.994777 0.0725996 -0.0717571 0 -0.0835268 0.174842 -0.981048 0 -0.0586776 0.981917 0.179993 0 -49.7195 -24.5585 121.282 1 </offset_matrix>
				<local_matrix>0.989904 0.0327756 0.137897 0 -0.0234227 0.997348 -0.0689098 0 -0.13979 0.0649841 0.988046 0 2.50632 0.148199 0.379354 1 </local_matrix>
				<parent>24</parent>
			</bone>
			<bone index="26">
				<name>Character1_LeftHandMiddle3</name>
				<offset_matrix>0.993298 0.108637 0.0394732 0 0.0148882 0.218408 -0.975745 0 -0.114624 0.969792 0.215327 0 -63.3191 -31.9727 113.779 1 </offset_matrix>
				<local_matrix>0.993591 -0.0378347 -0.106513 0 0.0329221 0.998328 -0.0475089 0 0.108133 0.0436978 0.993175 0 1.94311 -0.00678384 0.0161704 1 </local_matrix>
				<parent>25</parent>
			</bone>
			<bone index="27">
				<name>Character1_LeftHandMiddle4</name>
				<offset_matrix>0.997398 0.0177095 0.0699017 0 -0.0325133 0.975692 0.216729 0 -0.0643643 -0.218437 0.973727 0 -60.0972 -117.427 -29.3784 1 </offset_matrix>
				<local_matrix>0.997605 0.0388336 0.0572356 0 0.057155 0.00318438 -0.99836 0 -0.0389521 0.99924 0.000957225 0 2.20139 0.0911025 0.0117274 1 </local_matrix>
				<parent>26</parent>
			</bone>
			<bone index="28">
				<name>Character1_LeftHandRing1</name>
				<offset_matrix>0.963079 0.243501 -0.114835 0 -0.196691 0.345147 -0.917708 0 -0.183828 0.906411 0.380298 0 -31.9699 -52.8139 116.625 1 </offset_matrix>
				<local_matrix>0.955243 -0.229704 0.186405 0 0.256049 0.957595 -0.132105 0 -0.148155 0.173921 0.973551 0 7.67927 -1.26262 -0.624612 1 </local_matrix>
				<parent>15</parent>
			</bone>
			<bone index="29">
				<name>Character1_LeftHandRing2</name>
				<offset_matrix>0.941331 0.240866 -0.236393 0 -0.304058 0.301335 -0.903741 0 -0.146447 0.922596 0.356892 0 -20.2337 -47.3503 122.003 1 </offset_matrix>
				<local_matrix>0.9933 -0.00847077 0.115245 0 0.00310446 0.998905 0.0466647 0 -0.115514 -0.0459943 0.99224 0 2.36827 -0.0754047 0.109832 1 </local_matrix>
				<parent>28</parent>
			</bone>
			<bone index="30">
				<name>Character1_LeftHandRing3</name>
				<offset_matrix>0.955961 0.24739 -0.157922 0 -0.240814 0.353553 -0.903887 0 -0.167779 0.902109 0.397557 0 -30.2408 -53.987 117.459 1 </offset_matrix>
				<local_matrix>0.997665 0.00290077 -0.0682274 0 -0.00673569 0.998405 -0.0560452 0 0.067956 0.056374 0.996094 0 1.59075 0.0166584 -0.0860917 1 </local_matrix>
				<parent>29</parent>
			</bone>
			<bone index="31">
				<name>Character1_LeftHandRing4</name>
				<offset_matrix>0.962074 0.241414 -0.127028 0 -0.208152 0.348672 -0.91384 0 -0.176322 0.905621 0.385699 0 -37.0212 -53.0109 116.87 1 </offset_matrix>
				<local_matrix>0.999412 0.00535306 -0.0338848 0 -0.00512713 0.999964 0.0067511 0 0.0339197 -0.00657339 0.999403 0 2.52267 -0.0115625 -0.238418 1 </local_matrix>
				<parent>30</parent>
			</bone>
			<bone index="32">
				<name>Character1_LeftHandPinky1</name>
				<offset_matrix>0.898408 0.401979 -0.176856 0 -0.335291 0.367748 -0.867377 0 -0.283629 0.838555 0.465167 0 -11.7101 -62.8184 114.18 1 </offset_matrix>
				<local_matrix>0.885548 -0.356574 0.297756 0 0.415235 0.894957 -0.163194 0 -0.208288 0.268155 0.940589 0 6.5753 -2.78357 -0.228362 1 </local_matrix>
				<parent>15</parent>
			</bone>
			<bone index="33">
				<name>Character1_LeftHandPinky2</name>
				<offset_matrix>0.885034 0.436173 -0.162691 0 -0.321301 0.31943 -0.891477 0 -0.33687 0.84126 0.422849 0 -14.6216 -59.1069 116.02 1 </offset_matrix>
				<local_matrix>0.998395 -0.0448772 -0.0345349 0 0.0461544 0.998244 0.0371207 0 0.0328084 -0.0386551 0.998714 0 1.80969 0.0132801 -0.00144594 1 </local_matrix>
				<parent>32</parent>
			</bone>
			<bone index="34">
				<name>Character1_LeftHandPinky3</name>
				<offset_matrix>0.889556 0.43688 -0.133514 0 -0.299953 0.338145 -0.892013 0 -0.344556 0.833543 0.431842 0 -18.8158 -61.3774 114.384 1 </offset_matrix>
				<local_matrix>0.999733 0.00232614 -0.023017 0 -0.00278816 0.999795 -0.0200616 0 0.0229656 0.0201204 0.999534 0 1.39108 0.000275661 0.0247778 1 </local_matrix>
				<parent>33</parent>
			</bone>
			<bone index="35">
				<name>Character1_LeftHandPinky4</name>
				<offset_matrix>0.887673 0.452735 -0.0840725 0 -0.29554 0.420133 -0.857989 0 -0.35312 0.78646 0.506742 0 -21.1835 -72.118 107.833 1 </offset_matrix>
				<local_matrix>0.999952 -0.00646927 -0.00738381 0 0.00573405 0.995405 -0.0955844 0 0.00796824 0.0955374 0.995394 0 1.92095 -0.0299242 -0.00233774 1 </local_matrix>
				<parent>34</parent>
			</bone>
			<bone index="36">
				<name>J_L_Sode_D00</name>
				<offset_matrix>0.974062 -0.164844 -0.155011 0 -0.196544 -0.955816 -0.218599 0 -0.112127 0.243395 -0.963424 0 -14.0977 115.841 30.1335 1 </offset_matrix>
				<local_matrix>0.975225 -0.114323 0.189388 0 -0.157311 0.243524 0.957053 0 -0.155534 -0.963134 0.219506 0 4.39551 0.271871 3.8988 1 </local_matrix>
				<parent>14</parent>
			</bone>
			<bone index="37">
				<name>J_L_Sode_D01</name>
				<offset_matrix>0.974062 -0.164844 -0.155011 0 -0.196544 -0.955816 -0.218599 0 -0.112127 0.243395 -0.963424 0 -28.5548 115.923 30.8734 1 </offset_matrix>
				<local_matrix>1 6.93889e-17 0 0 3.1225e-17 1 2.77556e-17 0 2.77556e-17 -2.77556e-17 1 0 14.4571 -0.0816515 -0.739907 1 </local_matrix>
				<parent>36</parent>
			</bone>
			<bone index="38">
				<name>J_L_Sode_A00</name>
				<offset_matrix>0.971912 -0.176948 0.155161 0 0.176947 0.114759 -0.977507 0 0.155162 0.977507 0.142846 0 -58.1055 -9.41243 109.433 1 </offset_matrix>
				<local_matrix>0.970933 0.153062 -0.184017 0 -0.175625 0.977923 -0.113238 0 0.162622 0.142264 0.976379 0 4.70452 3.60103 0.102944 1 </local_matrix>
				<parent>14</parent>
			</bone>
			<bone index="39">
				<name>J_L_Sode_A01</name>
				<offset_matrix>0.971912 -0.143094 -0.186841 0 0.176947 0.967754 0.179282 0 0.155162 -0.207308 0.965892 0 -72.9307 -106.811 -15.4348 1 </offset_matrix>
				<local_matrix>1 0 2.42861e-17 0 4.16334e-17 -0.0662663 -0.997802 0 -2.77556e-17 0.997802 -0.0662663 0 14.8251 -1.08951 1.83422 1 </local_matrix>
				<parent>38</parent>
			</bone>
			<bone index="40">
				<name>J_L_Sode_B00</name>
				<offset_matrix>0.995579 -0.0939147 -0.0011173 0 0.0939148 0.99558 -1.53761e-08 0 0.00111236 -0.000104884 0.999999 0 -48.8952 -118.141 1.03483 1 </offset_matrix>
				<local_matrix>0.994867 -0.00106014 -0.101195 0 -0.101194 0.000346008 -0.994867 0 0.00108972 1 0.000236951 0 4.4251 0.0252787 -3.77306 1 </local_matrix>
				<parent>14</parent>
			</bone>
			<bone index="41">
				<name>J_L_Sode_B01</name>
				<offset_matrix>0.995579 -0.0939147 -0.0011173 0 0.0939148 0.99558 -1.53761e-08 0 0.00111236 -0.000104884 0.999999 0 -63.9825 -118.141 1.03483 1 </offset_matrix>
				<local_matrix>1 -3.86205e-18 2.1684e-19 0 7.43817e-18 1 -1.35525e-20 0 -2.1684e-19 0 1 0 15.0873 1.42109e-14 0 1 </local_matrix>
				<parent>40</parent>
			</bone>
			<bone index="42">
				<name>J_L_Sode_C00</name>
				<offset_matrix>0.962483 -0.266179 0.0526648 0 -0.0507621 0.0140281 0.998612 0 -0.266549 -0.963821 -9.93897e-06 0 -31.5022 2.58291 -118.96 1 </offset_matrix>
				<local_matrix>0.96224 -0.268683 0.0436594 0 -0.268402 -0.963229 -0.0123012 0 0.0453591 0.000118451 -0.998972 0 4.139 -4.89102 1.27889 1 </local_matrix>
				<parent>14</parent>
			</bone>
			<bone index="43">
				<name>J_L_Sode_C01</name>
				<offset_matrix>0.962483 -0.266179 0.0526648 0 -0.0507621 0.0140281 0.998612 0 -0.266549 -0.963821 -9.93897e-06 0 -47.7901 2.58291 -118.96 1 </offset_matrix>
				<local_matrix>1 0 -1.23624e-18 0 1.11022e-16 1 3.44234e-18 0 -5.73822e-18 -1.21634e-18 1 0 16.2879 -2.09545e-07 1.60007e-07 1 </local_matrix>
				<parent>42</parent>
			</bone>
			<bone index="44">
				<name>Character1_RightShoulder</name>
				<offset_matrix>-1 -3.98729e-09 2.20954e-05 0 2.20974e-05 1.56769e-08 1 0 3.98772e-09 1 1.56767e-08 0 -4.21411 1.06038 -118.593 1 </offset_matrix>
				<local_matrix>0.00106645 0.0147905 -0.99989 0 -0.310475 0.950483 0.0137285 0 0.950581 0.310426 0.00560572 0 12.2455 -0.014977 -4.19937 1 </local_matrix>
				<parent>11</parent>
			</bone>
			<bone index="45">
				<name>Character1_RightArm</name>
				<offset_matrix>-0.999985 0.00139109 -0.00525463 0 -0.00525463 3.65517e-06 0.999987 0 0.00139109 0.999999 3.68593e-06 0 -9.13045 1.07352 -118.643 1 </offset_matrix>
				<local_matrix>0.999985 0.00139109 -0.00527673 0 -0.00139109 0.999999 3.67023e-06 0 0.00527673 3.67023e-06 0.999986 0 5.54374 -4.74622e-06 -9.96033e-05 1 </local_matrix>
				<parent>44</parent>
			</bone>
			<bone index="46">
				<name>Character1_RightForeArm</name>
				<offset_matrix>-0.999971 0.00223106 -0.00732665 0 -0.00732609 0.00025663 0.999974 0 0.00223289 0.999998 -0.000240246 0 -32.2616 1.07052 -118.71 1 </offset_matrix>
				<local_matrix>0.999997 0.00084181 -0.0020715 0 -0.000841297 0.999999 0.000248558 0 0.00207171 -0.000246814 0.999998 0 23.3779 0.000864481 -0.000723299 1 </local_matrix>
				<parent>45</parent>
			</bone>
			<bone index="47">
				<name>Character1_RightHand</name>
				<offset_matrix>-0.984238 0.00091403 -0.176847 0 -0.176843 0.00347082 0.984234 0 0.00151342 0.999994 -0.00325444 0 -27.671 0.62511 -125.221 1 </offset_matrix>
				<local_matrix>0.985508 -0.000727862 -0.169628 0 0.00129344 0.999994 0.00322375 0 0.169624 -0.00339643 0.985503 0 16.248 -3.36338e-05 0.000183883 1 </local_matrix>
				<parent>46</parent>
			</bone>
			<bone index="48">
				<name>Character1_RightHandThumb1</name>
				<offset_matrix>-0.791522 -0.0676015 -0.607389 0 -0.387003 0.824644 0.412544 0 0.472991 0.561599 -0.678886 0 3.8589 -100.978 -79.2225 1 </offset_matrix>
				<local_matrix>0.848202 0.470921 -0.242462 0 -0.0784468 0.564396 0.821769 0 0.523833 -0.678005 0.515664 0 2.63386 2.08612 -0.452689 1 </local_matrix>
				<parent>47</parent>
			</bone>
			<bone index="49">
				<name>Character1_RightHandThumb2</name>
				<offset_matrix>-0.804707 -0.107108 -0.583929 0 -0.378592 0.850221 0.365781 0 0.45729 0.515417 -0.724729 0 -0.999281 -106.096 -72.4442 1 </offset_matrix>
				<local_matrix>0.999754 -0.000989786 0.0221375 0 -0.000471342 0.997826 0.0658998 0 -0.0221546 -0.0658941 0.99758 0 3.20295 0.112797 0.0602421 1 </local_matrix>
				<parent>48</parent>
			</bone>
			<bone index="50">
				<name>Character1_RightHandThumb3</name>
				<offset_matrix>-0.820794 -0.0732784 -0.566504 0 -0.345757 0.853162 0.390601 0 0.454697 0.516476 -0.725607 0 -7.44746 -104.6 -74.3543 1 </offset_matrix>
				<local_matrix>0.999328 0.028303 0.0232837 0 -0.0278526 0.999423 -0.0194458 0 -0.0238207 0.0187842 0.99954 0 1.75863 0.0511327 0.0152196 1 </local_matrix>
				<parent>49</parent>
			</bone>
			<bone index="51">
				<name>Character1_RightHandThumb4</name>
				<offset_matrix>-0.811809 -0.0718745 -0.579483 0 -0.230374 0.951321 0.204741 0 0.536558 0.299709 -0.788848 0 -23.2037 -114.932 -53.4437 1 </offset_matrix>
				<local_matrix>0.989952 0.140061 -0.0194212 0 -0.133655 0.971687 0.194833 0 0.0461599 -0.19028 0.980644 0 2.6288 0.158764 -0.00303342 1 </local_matrix>
				<parent>50</parent>
			</bone>
			<bone index="52">
				<name>Character1_RightHandIndex1</name>
				<offset_matrix>-0.995253 -0.0180448 0.0956288 0 -0.0914535 -0.1625 -0.982462 0 0.033268 -0.986544 0.160078 0 -46.2872 19.8269 122.5 1 </offset_matrix>
				<local_matrix>0.995789 0.0320406 0.0858882 0 0.0450043 -0.987118 -0.153536 0 0.0798624 0.156754 -0.984404 0 7.74589 2.47736 2.38774 1 </local_matrix>
				<parent>47</parent>
			</bone>
			<bone index="53">
				<name>Character1_RightHandIndex2</name>
				<offset_matrix>-0.986567 -0.0236739 0.161633 0 -0.158246 -0.107096 -0.981576 0 0.040548 -0.993967 0.101911 0 -40.2316 13.1136 126.647 1 </offset_matrix>
				<local_matrix>0.997705 0.00351484 0.0676167 0 0.000288605 0.998422 -0.0561582 0 -0.0677074 0.0560488 0.996129 0 2.42331 -0.223004 -0.200852 1 </local_matrix>
				<parent>52</parent>
			</bone>
			<bone index="54">
				<name>Character1_RightHandIndex3</name>
				<offset_matrix>-0.991106 -0.0213363 0.131353 0 -0.130715 -0.0289614 -0.990998 0 0.0249485 -0.999353 0.0259148 0 -45.3572 3.94068 126.312 1 </offset_matrix>
				<local_matrix>0.999489 0.0126645 -0.0293464 0 -0.014889 0.99693 -0.0768662 0 0.0282828 0.0772639 0.99661 0 1.58862 0.000117422 -0.2642 1 </local_matrix>
				<parent>53</parent>
			</bone>
			<bone index="55">
				<name>Character1_RightHandIndex4</name>
				<offset_matrix>-0.995382 -0.0174627 -0.0943966 0 0.0959568 -0.152017 -0.98371 0 0.00282839 -0.988224 0.15299 0 -74.7609 18.93 111.168 1 </offset_matrix>
				<local_matrix>0.974056 0.0156322 -0.225766 0 0.0125237 0.992359 0.122744 0 0.22596 -0.122387 0.966418 0 2.10748 -0.0704122 -0.325405 1 </local_matrix>
				<parent>54</parent>
			</bone>
			<bone index="56">
				<name>Character1_RightHandMiddle1</name>
				<offset_matrix>-0.996566 0.0723397 0.0402813 0 -0.0507882 -0.149847 -0.987405 0 -0.0653925 -0.98606 0.153006 0 -51.1954 21.4958 120.252 1 </offset_matrix>
				<local_matrix>0.989741 -0.0664792 0.126466 0 -0.0461924 -0.986507 -0.157068 0 0.135201 0.149615 -0.979457 0 7.73408 0.436004 2.41108 1 </local_matrix>
				<parent>47</parent>
			</bone>
			<bone index="57">
				<name>Character1_RightHandMiddle2</name>
				<offset_matrix>-0.98844 0.0924595 0.120156 0 -0.130428 -0.114511 -0.984824 0 -0.0772971 -0.98911 0.125247 0 -43.7644 18.5586 124.598 1 </offset_matrix>
				<local_matrix>0.996725 0.0242601 0.0771422 0 -0.0216458 0.999169 -0.0345468 0 -0.0779162 0.0327638 0.996421 0 2.5355 -0.0679808 0.116949 1 </local_matrix>
				<parent>56</parent>
			</bone>
			<bone index="58">
				<name>Character1_RightHandMiddle3</name>
				<offset_matrix>-0.975211 0.0916048 0.201424 0 -0.211862 -0.123855 -0.969421 0 -0.0638563 -0.988064 0.140193 0 -35.1912 19.6596 127.876 1 </offset_matrix>
				<local_matrix>0.996506 -0.00274621 0.0834708 0 0.00198253 0.999955 0.00923054 0 -0.0834925 -0.00903281 0.996467 0 1.94159 -0.0416648 -0.0704659 1 </local_matrix>
				<parent>57</parent>
			</bone>
			<bone index="59">
				<name>Character1_RightHandMiddle4</name>
				<offset_matrix>-0.991244 0.114177 0.0663187 0 -0.0851732 -0.169109 -0.981911 0 -0.100897 -0.978962 0.177353 0 -53.4703 26.546 121.246 1 </offset_matrix>
				<local_matrix>0.991161 0.0194387 -0.131236 0 -0.0130065 0.99868 0.0496927 0 0.132029 -0.0475465 0.990105 0 2.14376 -0.0471136 -0.506654 1 </local_matrix>
				<parent>58</parent>
			</bone>
			<bone index="60">
				<name>Character1_RightHandRing1</name>
				<offset_matrix>-0.917227 0.283879 0.279474 0 -0.377655 -0.396404 -0.836805 0 -0.126766 -0.873085 0.470801 0 -7.69133 61.2942 116.604 1 </offset_matrix>
				<local_matrix>0.969365 -0.128915 -0.209079 0 -0.210624 -0.874196 -0.437515 0 -0.126374 0.468149 -0.874566 0 7.43039 -1.37108 1.9656 1 </local_matrix>
				<parent>47</parent>
			</bone>
			<bone index="61">
				<name>Character1_RightHandRing2</name>
				<offset_matrix>-0.941269 0.304218 0.146502 0 -0.253159 -0.348729 -0.902386 0 -0.223433 -0.886476 0.405263 0 -26.4724 56.8197 116.648 1 </offset_matrix>
				<local_matrix>0.987289 0.0282221 -0.156409 0 -0.034963 0.998567 -0.0405149 0 0.155041 0.0454684 0.986861 0 2.34581 -0.000792415 -0.35079 1 </local_matrix>
				<parent>60</parent>
			</bone>
			<bone index="62">
				<name>Character1_RightHandRing3</name>
				<offset_matrix>-0.948156 0.252505 0.192978 0 -0.274738 -0.34603 -0.897098 0 -0.159746 -0.903607 0.397463 0 -25.7395 53.4071 118.789 1 </offset_matrix>
				<local_matrix>0.997715 -0.0510265 0.0442731 0 0.0518196 0.998513 -0.016954 0 -0.0433422 0.0192094 0.998876 0 1.58936 -0.103253 0.0378129 1 </local_matrix>
				<parent>61</parent>
			</bone>
			<bone index="63">
				<name>Character1_RightHandRing4</name>
				<offset_matrix>-0.959347 0.262405 0.103905 0 -0.198864 -0.367262 -0.908611 0 -0.200264 -0.892336 0.404515 0 -38.0268 56.5738 114.861 1 </offset_matrix>
				<local_matrix>0.996238 0.00753152 -0.0863294 0 -0.00535312 0.999662 0.0254373 0 0.0864918 -0.0248795 0.995942 0 2.51263 -0.00348442 -0.327395 1 </local_matrix>
				<parent>62</parent>
			</bone>
			<bone index="64">
				<name>Character1_RightHandPinky1</name>
				<offset_matrix>-0.897712 0.405702 0.171811 0 -0.33767 -0.383059 -0.859795 0 -0.283007 -0.829863 0.48087 0 -11.3876 64.8701 113.06 1 </offset_matrix>
				<local_matrix>0.942848 -0.284997 -0.172666 0 -0.332822 -0.830816 -0.446066 0 -0.0163262 0.47804 -0.878187 0 6.50189 -2.77216 1.03663 1 </local_matrix>
				<parent>47</parent>
			</bone>
			<bone index="65">
				<name>Character1_RightHandPinky2</name>
				<offset_matrix>-0.896846 0.435329 0.0784527 0 -0.278168 -0.417143 -0.865226 0 -0.343932 -0.797797 0.495208 0 -20.405 70.7362 108.388 1 </offset_matrix>
				<local_matrix>0.996374 0.0281183 -0.0803075 0 -0.0241623 0.998466 0.0498145 0 0.081585 -0.0476934 0.995525 0 1.80977 -0.0144284 -0.00528021 1 </local_matrix>
				<parent>64</parent>
			</bone>
			<bone index="66">
				<name>Character1_RightHandPinky3</name>
				<offset_matrix>-0.89396 0.439302 0.0885896 0 -0.303028 -0.446914 -0.84169 0 -0.330164 -0.779283 0.532645 0 -18.6467 74.518 106.321 1 </offset_matrix>
				<local_matrix>0.999592 0.000642378 0.0285542 0 -0.00164887 0.999378 0.0352391 0 -0.0285138 -0.0352718 0.998971 0 1.38856 0.0266962 0.0828123 1 </local_matrix>
				<parent>65</parent>
			</bone>
			<bone index="67">
				<name>Character1_RightHandPinky4</name>
				<offset_matrix>-0.879333 0.46822 0.0868507 0 -0.304206 -0.411988 -0.85891 0 -0.366378 -0.781688 0.50471 0 -19.7403 72.1323 108.097 1 </offset_matrix>
				<local_matrix>0.999236 0.0351727 -0.0170021 0 -0.0356416 0.998969 -0.0281164 0 0.0159956 0.0287009 0.99946 0 1.92031 0.0518658 -0.0249983 1 </local_matrix>
				<parent>66</parent>
			</bone>
			<bone index="68">
				<name>J_R_Sode_A00</name>
				<offset_matrix>-0.981964 0.18905 -0.00277318 0 -1.95951e-05 0.0145657 0.999894 0 0.189071 0.981859 -0.0142992 0 -37.6323 2.89009 -118.389 1 </offset_matrix>
				<local_matrix>0.982357 0.186879 0.00712947 0 -0.186959 0.982283 0.0129442 0 -0.00458415 -0.0140488 0.999891 0 4.70435 3.60111 -0.102966 1 </local_matrix>
				<parent>46</parent>
			</bone>
			<bone index="69">
				<name>J_R_Sode_A01</name>
				<offset_matrix>-0.981964 0.18905 -0.00277318 0 -1.95951e-05 0.0145657 0.999894 0 0.189071 0.981859 -0.0142992 0 -52.5331 4.22333 -119.113 1 </offset_matrix>
				<local_matrix>1 -8.32667e-17 0 0 2.77556e-17 1 0 0 0 -3.46945e-18 1 0 14.9008 -1.33324 0.724475 1 </local_matrix>
				<parent>68</parent>
			</bone>
			<bone index="70">
				<name>J_R_Sode_B00</name>
				<offset_matrix>-0.989384 0.14532 -0.00115636 0 0.14532 0.989385 -1.20577e-05 0 0.00114235 -0.000179943 -0.999999 0 -54.9448 -115.451 -1.03467 1 </offset_matrix>
				<local_matrix>0.988293 -0.00102775 0.152565 0 -0.152565 0.000398152 0.988294 0 -0.00107646 -1 0.000236692 0 4.42499 0.0253443 3.77297 1 </local_matrix>
				<parent>46</parent>
			</bone>
			<bone index="71">
				<name>J_R_Sode_B01</name>
				<offset_matrix>-0.989384 0.14532 -0.00115636 0 0.14532 0.989385 -1.20577e-05 0 0.00114235 -0.000179943 -0.999999 0 -70.0118 -114.67 -1.03467 1 </offset_matrix>
				<local_matrix>1 -1.97737e-17 -2.1684e-19 0 -3.88718e-17 1 0 0 -2.1684e-19 0 1 0 15.0671 -0.781177 1.28411e-07 1 </local_matrix>
				<parent>70</parent>
			</bone>
			<bone index="72">
				<name>J_R_Sode_D00</name>
				<offset_matrix>-0.981621 0.180134 -0.0630217 0 -0.179765 -0.983642 -0.0115359 0 -0.0640689 5.155e-06 0.997946 0 -16.2673 119.421 -0.298042 1 </offset_matrix>
				<local_matrix>0.982766 -0.0663049 -0.172552 0 -0.172923 0.000154646 -0.984936 0 0.0653327 0.9978 -0.0113136 0 4.39539 0.270832 -3.89822 1 </local_matrix>
				<parent>46</parent>
			</bone>
			<bone index="73">
				<name>J_R_Sode_D01</name>
				<offset_matrix>-0.981621 0.180134 -0.0630217 0 -0.179765 -0.983642 -0.0115359 0 -0.0640689 5.155e-06 0.997946 0 -30.7437 119.421 -0.298042 1 </offset_matrix>
				<local_matrix>1 -9.45485e-18 0 0 -8.19297e-17 1 -8.84302e-19 0 1.38778e-17 1.05117e-18 1 0 14.4763 1.16323e-06 -6.06251e-07 1 </local_matrix>
				<parent>72</parent>
			</bone>
			<bone index="74">
				<name>J_R_Sode_C00</name>
				<offset_matrix>-0.962485 0.266178 0.0526389 0 -0.0507373 0.0140211 -0.998614 0 -0.266548 -0.963822 1.00172e-05 0 -31.5053 2.58372 118.959 1 </offset_matrix>
				<local_matrix>0.962234 -0.268707 -0.04362 0 -0.268426 -0.963222 0.0123021 0 -0.0453215 -0.000128785 -0.998973 0 4.13879 -4.89117 -1.2787 1 </local_matrix>
				<parent>46</parent>
			</bone>
			<bone index="75">
				<name>J_R_Sode_C01</name>
				<offset_matrix>-0.962485 0.266178 0.0526389 0 -0.0507373 0.0140211 -0.998614 0 -0.266548 -0.963822 1.00172e-05 0 -47.7932 2.58372 118.959 1 </offset_matrix>
				<local_matrix>1 -5.55112e-17 -6.19732e-18 0 -5.55112e-17 1 2.30054e-18 0 -6.41204e-19 -1.55854e-19 1 0 16.2879 2.79593e-06 3.7488e-07 1 </local_matrix>
				<parent>74</parent>
			</bone>
			<bone index="76">
				<name>Character1_Neck</name>
				<offset_matrix>-1.17394e-09 -3.93857e-09 1 0 0.998991 -0.0449185 -9.94737e-10 0 0.0449186 0.998991 -3.98734e-09 0 -121.969 6.75273 3.5194e-06 1 </offset_matrix>
				<local_matrix>0.935676 0.352807 0.00619466 0 -0.35286 0.93558 0.0134639 0 -0.00104544 -0.0147837 0.99989 0 15.6851 0.829848 0.0286695 1 </local_matrix>
				<parent>11</parent>
			</bone>
			<bone index="77">
				<name>Character1_Head</name>
				<offset_matrix>-0.0157021 0.0416038 0.999011 0 0.990548 0.136814 0.00987142 0 -0.136268 0.989723 -0.0433588 0 -128.946 -16.328 -1.34674 1 </offset_matrix>
				<local_matrix>0.983427 -0.180625 -0.0157021 0 0.181133 0.982578 0.0416038 0 0.00791384 -0.0437584 0.999011 0 7.80833 -0.553454 -1.5871e-07 1 </local_matrix>
				<parent>76</parent>
			</bone>
			<bone index="78">
				<name>J_L_HairSide_00</name>
				<offset_matrix>0.312297 0.0595561 -0.948115 0 -0.931332 -0.177608 -0.317925 0 -0.187327 0.982298 -4.30016e-08 0 129.277 19.3586 52.8733 1 </offset_matrix>
				<local_matrix>-0.901906 -0.299829 0.310917 0 -0.31072 0.950381 0.0151527 0 -0.300033 -0.082942 -0.950317 0 9.52886 8.42038 8.41182 1 </local_matrix>
				<parent>77</parent>
			</bone>
			<bone index="79">
				<name>J_L_HairSide_01</name>
				<offset_matrix>0.222567 0.0395742 -0.974114 0 -0.959071 -0.17053 -0.226058 0 -0.175062 0.984558 -2.35926e-08 0 126.728 18.6187 40.8496 1 </offset_matrix>
				<local_matrix>0.995514 0.0116307 0.0938939 0 -0.013255 0.999773 0.0166951 0 -0.0936784 -0.0178648 0.995442 0 7.1907 0 -7.10543e-15 1 </local_matrix>
				<parent>78</parent>
			</bone>
			<bone index="80">
				<name>J_L_HairSide_02</name>
				<offset_matrix>0.250028 0.848902 -0.465673 0 -0.957959 0.286781 0.00844442 0 0.140715 0.443985 0.884916 0 118.347 -48.1774 2.39684 1 </offset_matrix>
				<local_matrix>0.949765 0.311798 -0.0270013 0 -0.163831 0.421818 -0.891756 0 -0.266658 0.851382 0.45171 0 7.07324 3.55271e-15 -7.10543e-15 1 </local_matrix>
				<parent>79</parent>
			</bone>
			<bone index="81">
				<name>J_R_HairSide_00</name>
				<offset_matrix>-0.312291 -0.0595542 -0.948118 0 -0.931334 -0.177606 0.317919 0 -0.187325 0.982298 2.40886e-08 0 129.278 19.3584 -52.8724 1 </offset_matrix>
				<local_matrix>-0.892101 -0.325813 -0.313054 0 -0.308849 0.945426 -0.10384 0 0.329802 0.00405061 -0.944042 0 9.79904 7.70445 -8.77954 1 </local_matrix>
				<parent>77</parent>
			</bone>
			<bone index="82">
				<name>J_R_HairSide_01</name>
				<offset_matrix>-0.222563 -0.0395722 -0.974114 0 -0.959073 -0.170525 0.226054 0 -0.175056 0.984559 2.09327e-08 0 126.729 18.6179 -40.8491 1 </offset_matrix>
				<local_matrix>0.995514 0.0116346 -0.0938913 0 -0.0132589 0.999773 -0.016694 0 0.0936757 0.0178641 0.995442 0 7.19076 0 0 1 </local_matrix>
				<parent>81</parent>
			</bone>
			<bone index="83">
				<name>J_R_HairSide_02</name>
				<offset_matrix>1 -4.15515e-07 9.64904e-08 0 -4.11506e-07 -1 -3.4322e-07 0 8.24955e-08 3.1223e-07 -1 0 12.4241 127.167 2.61598 1 </offset_matrix>
				<local_matrix>-0.222563 -0.039572 -0.974115 0 0.959073 0.170525 -0.226054 0 0.175057 -0.984558 -1.71873e-07 0 7.0735 7.10543e-15 -1.42109e-14 1 </local_matrix>
				<parent>82</parent>
			</bone>
			<bone index="84">
				<name>J_L_HairFront_00</name>
				<offset_matrix>-0.0383997 0.12028 -0.991997 0 -0.972151 0.225179 0.0649345 0 0.231187 0.966865 0.108283 0 137.411 -39.8821 -9.94333 1 </offset_matrix>
				<local_matrix>-0.993863 0.0942096 -0.0579823 0 0.089409 0.99274 0.0804615 0 0.0651416 0.0747835 -0.99507 0 11.8353 11.0627 -0.0646827 1 </local_matrix>
				<parent>77</parent>
			</bone>
			<bone index="85">
				<name>J_L_HairFront_01</name>
				<offset_matrix>-0.272785 -0.00988507 -0.962024 0 -0.95548 0.119669 0.2697 0 0.112458 0.992765 -0.0420888 0 127.656 -25.8528 -35.8363 1 </offset_matrix>
				<local_matrix>0.965344 -0.139233 0.220736 0 0.113558 0.985627 0.125076 0 -0.234978 -0.0956753 0.967281 0 8.69359 -0.0555933 -0.224345 1 </local_matrix>
				<parent>84</parent>
			</bone>
			<bone index="86">
				<name>J_R_HairFront_00</name>
				<offset_matrix>-0.146089 -0.26324 -0.953605 0 -0.929971 0.365268 0.0416375 0 0.337361 0.892908 -0.298167 0 130.487 -59.4243 -4.06419 1 </offset_matrix>
				<local_matrix>-0.964858 0.200583 -0.169753 0 0.244274 0.922754 -0.298089 0 0.0968483 -0.32908 -0.939323 0 11.8647 10.9953 -0.727659 1 </local_matrix>
				<parent>77</parent>
			</bone>
			<bone index="87">
				<name>J_R_HairFront_01</name>
				<offset_matrix>-0.119821 -0.166845 -0.978675 0 -0.937997 0.342003 0.056536 0 0.325277 0.924769 -0.197479 0 125.458 -56.4232 -6.99836 1 </offset_matrix>
				<local_matrix>0.99955 -0.020636 -0.0217808 0 0.0183021 0.994576 -0.102392 0 0.0237756 0.101947 0.994506 0 6.28383 -0.00474526 -0.148962 1 </local_matrix>
				<parent>86</parent>
			</bone>
			<bone index="88">
				<name>J_L_HeadRibbon_00</name>
				<offset_matrix>0.336813 0.323753 0.884161 0 0.637432 0.612716 -0.467182 0 -0.692991 0.720946 -4.04758e-08 0 -93.1245 -96.125 65.8915 1 </offset_matrix>
				<local_matrix>0.720552 -0.584647 0.37282 0 0.503599 0.810835 0.298222 0 -0.476649 -0.0271327 0.878675 0 17.9708 8.95638 4.1412 1 </local_matrix>
				<parent>77</parent>
			</bone>
			<bone index="89">
				<name>J_L_HeadRibbon_01</name>
				<offset_matrix>0.412849 0.80071 -0.434072 0 -0.198924 -0.385809 -0.900878 0 -0.888811 0.458274 9.96018e-08 0 26.7961 54.431 142.231 1 </offset_matrix>
				<local_matrix>0.62819 -0.629008 0.457959 0 -0.293817 0.353232 0.8882 0 -0.72045 -0.692515 0.0370837 0 8.50533 -1.42109e-14 1.42109e-14 1 </local_matrix>
				<parent>88</parent>
			</bone>
			<bone index="90">
				<name>J_L_HeadRibbon_02</name>
				<offset_matrix>0.234277 -0.122718 0.964393 0 0.0413253 0.992361 0.116238 0 -0.971291 0.012622 0.237559 0 -22.6298 -148.723 -26.8489 1 </offset_matrix>
				<local_matrix>0.951795 -0.273473 -0.138922 0 -0.259287 -0.475338 -0.840728 0 0.163881 0.836221 -0.523333 0 14.173 -7.10543e-15 5.68434e-14 1 </local_matrix>
				<parent>89</parent>
			</bone>
			<bone index="91">
				<name>J_R_HeadRibbon_00</name>
				<offset_matrix>-0.336802 -0.323722 0.884177 0 0.637463 0.612707 0.467152 0 -0.692969 0.720967 5.81094e-08 0 -93.1288 -96.1234 -65.8869 1 </offset_matrix>
				<local_matrix>0.731156 -0.612646 -0.30013 0 0.513754 0.783917 -0.348614 0 0.448853 0.100698 0.887914 0 18.1032 8.60457 -4.30552 1 </local_matrix>
				<parent>77</parent>
			</bone>
			<bone index="92">
				<name>J_R_HeadRibbon_01</name>
				<offset_matrix>-0.412849 -0.800732 -0.434031 0 -0.198901 -0.385774 0.900898 0 -0.888816 0.458264 -1.00853e-07 0 26.7926 54.4256 -142.234 1 </offset_matrix>
				<local_matrix>0.628178 -0.629027 -0.457949 0 -0.293791 0.353242 -0.888204 0 0.720471 0.692492 0.037096 0 8.50559 -1.42109e-14 -2.84217e-14 1 </local_matrix>
				<parent>91</parent>
			</bone>
			<bone index="93">
				<name>J_R_HeadRibbon_02</name>
				<offset_matrix>1 -5.56374e-07 -9.10923e-09 0 -3.94649e-07 -1 -2.89539e-07 0 9.36531e-08 3.65461e-07 -1 0 12.9436 151.644 -13.7247 1 </offset_matrix>
				<local_matrix>-0.412849 -0.800732 -0.434032 0 0.198901 0.385775 -0.900898 0 0.888816 -0.458264 -2.69038e-07 0 14.1729 -7.10543e-15 2.84217e-14 1 </local_matrix>
				<parent>92</parent>
			</bone>
			<bone index="94">
				<name>J_L_HairTail_00</name>
				<offset_matrix>0.188011 -0.0449136 0.981139 0 -0.954287 0.227968 0.193301 0 -0.232351 -0.972632 3.01814e-08 0 122.966 -38.4933 -31.6538 1 </offset_matrix>
				<local_matrix>-0.916558 -0.352701 0.188479 0 0.359058 -0.933316 -0.000446682 0 0.176068 0.0672655 0.982078 0 3.1544 -6.75483 6.54603 1 </local_matrix>
				<parent>77</parent>
			</bone>
			<bone index="95">
				<name>J_L_HairTail_01</name>
				<offset_matrix>0.189285 -0.0441233 0.98093 0 -0.955318 0.222689 0.19436 0 -0.227018 -0.97389 1.46792e-08 0 111.544 -37.8747 -31.7804 1 </offset_matrix>
				<local_matrix>0.999984 -0.00547881 0.00105144 0 0.00547907 0.999985 -0.000245111 0 -0.00105008 0.000250868 0.999999 0 11.5977 7.10543e-15 0 1 </local_matrix>
				<parent>94</parent>
			</bone>
			<bone index="96">
				<name>J_L_HairTail_02</name>
				<offset_matrix>0.230727 -0.0442239 0.972013 0 -0.954635 0.182976 0.234927 0 -0.188245 -0.982122 1.56319e-08 0 97.9285 -33.7004 -36.0689 1 </offset_matrix>
				<local_matrix>0.998389 -0.0394375 0.0407845 0 0.039788 0.999178 -0.00781722 0 -0.0404427 0.00942737 0.999137 0 13.6558 -2.13163e-13 3.55271e-14 1 </local_matrix>
				<parent>95</parent>
			</bone>
			<bone index="97">
				<name>J_L_HairTail_03</name>
				<offset_matrix>0.166122 -0.0236007 0.985823 0 -0.976022 0.138662 0.16779 0 -0.140656 -0.990058 1.41209e-08 0 88.4641 -29.8939 -29.8512 1 </offset_matrix>
